px	py	v	yaw_angle	yaw_rate	px_measured	py_measured	px_true	py_true	vx_true	vy_true	NIS
0.312243	0.58034	5.20024	0	0	0.312243	0.58034	0.6	0.6	5.19994	0	0
0.312243	0.58034	5.20024	0	0	0.862916	0.534212	0.859997	0.600045	5.19975	0.00179686	0
1.1109	0.555003	5.21563	-0.0174286	-0.00427117	1.17385	0.481073	1.11998	0.600225	5.19943	0.00538996	1.28917
1.1109	0.555003	5.21563	-0.0174286	-0.00427117	0.969149	0.397513	1.37996	0.600629	5.19898	0.0107781	0
1.63943	0.57427	5.21909	0.00359847	0.00682792	1.65063	0.62469	1.6399	0.601347	5.19839	0.0179597	0.187077
1.63943	0.57427	5.21909	0.00359847	0.00682792	1.62331	0.499091	1.89982	0.60247	5.19766	0.0269323	0
2.16922	0.607734	5.22892	0.0256696	0.0239526	2.18882	0.648739	2.1597	0.604086	5.19678	0.0376932	0.15811
2.16922	0.607734	5.22892	0.0256696	0.0239526	1.96701	0.557117	2.41954	0.606284	5.19573	0.0502389	0
2.67893	0.642251	5.21292	0.0410224	0.0380846	2.65526	0.66598	2.67932	0.609155	5.1945	0.0645654	0.0828256
2.67893	0.642251	5.21292	0.0410224	0.0380846	2.92034	0.645898	2.93904	0.612786	5.19309	0.080668	0
3.1411	0.652348	5.10444	0.0381948	0.030062	3.01222	0.637046	3.19869	0.617267	5.19147	0.0985415	1.08
3.1411	0.652348	5.10444	0.0381948	0.030062	3.56096	0.485311	3.45825	0.622685	5.18963	0.11818	0
3.72734	0.502667	5.25594	-0.0645853	-0.126305	3.89365	0.311793	3.71772	0.62913	5.18754	0.139576	4.86898
3.72734	0.502667	5.25594	-0.0645853	-0.126305	4.19786	0.698311	3.97708	0.636689	5.18519	0.162724	0
4.26884	0.519146	5.29589	-0.0438659	-0.0747327	4.30935	0.578564	4.23632	0.645449	5.18256	0.187614	0.406447
4.26884	0.519146	5.29589	-0.0438659	-0.0747327	4.61908	0.68951	4.49542	0.655498	5.17962	0.214238	0
4.65142	0.686018	4.9935	0.06533	0.103035	4.35143	0.899174	4.75437	0.666921	5.17634	0.242587	9.75823
4.65142	0.686018	4.9935	0.06533	0.103035	5.20901	0.66599	5.01315	0.679804	5.1727	0.272649	0
5.26971	0.686172	5.23449	0.053324	0.0690631	5.51894	0.648233	5.27175	0.694234	5.16867	0.304413	4.23823
5.26971	0.686172	5.23449	0.053324	0.0690631	5.22834	0.639362	5.53013	0.710295	5.16422	0.337868	0
5.86604	0.711334	5.37965	0.0563116	0.0627915	6.022	0.708619	5.78828	0.728072	5.15932	0.372999	1.60783
5.86604	0.711334	5.37965	0.0563116	0.0627915	5.89392	0.373584	6.04618	0.747647	5.15393	0.409793	0
6.38073	0.840906	5.34869	0.120149	0.144438	6.34249	0.948833	6.30379	0.769103	5.14803	0.448233	1.08594
6.38073	0.840906	5.34869	0.120149	0.144438	6.62134	0.836138	6.5611	0.792523	5.14157	0.488305	0
6.87087	0.819282	5.26649	0.0856956	0.077465	6.78214	0.714036	6.81808	0.817988	5.13452	0.52999	1.412
6.87087	0.819282	5.26649	0.0856956	0.077465	7.29121	0.630741	7.07469	0.845578	5.12685	0.573269	0
7.31158	0.910686	5.1236	0.121154	0.115621	7.13735	0.957217	7.3309	0.875373	5.11851	0.618123	2.17341
7.31158	0.910686	5.1236	0.121154	0.115621	8.08349	0.819605	7.58668	0.907449	5.10946	0.664531	0
7.81747	0.861875	5.10252	0.0716567	0.0339712	7.80533	0.719126	7.84199	0.941886	5.09966	0.712469	1.63267
7.81747	0.861875	5.10252	0.0716567	0.0339712	8.40453	0.884557	8.0968	0.978759	5.08907	0.761915	0
8.30162	0.874421	5.05657	0.062894	0.017808	8.24796	0.840322	8.35106	1.01814	5.07766	0.812843	0.272688
8.30162	0.874421	5.05657	0.062894	0.017808	8.45858	1.41118	8.60472	1.06011	5.06537	0.865226	0
8.78543	0.967844	5.03067	0.0980483	0.0623023	8.74615	1.04858	8.85775	1.10473	5.05216	0.919037	0.611996
8.78543	0.967844	5.03067	0.0980483	0.0623023	9.8809	1.1419	9.1101	1.15208	5.03798	0.974245	0
9.2754	1.03173	5.0163	0.111715	0.0722541	9.25579	1.04913	9.36172	1.20223	5.0228	1.03082	0.0487362
9.2754	1.03173	5.0163	0.111715	0.0722541	10.1016	1.52474	9.61255	1.25524	5.00656	1.08873	0
9.8534	1.23606	5.18851	0.193135	0.171485	10.0484	1.44598	9.86254	1.31118	4.98922	1.14794	5.71997
9.8534	1.23606	5.18851	0.193135	0.171485	10.5377	1.72555	10.1117	1.37011	4.97074	1.20841	0
10.3243	1.39169	5.1362	0.240313	0.212325	10.2492	1.45907	10.3598	1.4321	4.95106	1.2701	0.728178
10.3243	1.39169	5.1362	0.240313	0.212325	10.9084	1.70343	10.6069	1.49721	4.93014	1.33298	0
10.7943	1.49291	5.08117	0.25023	0.197589	10.7313	1.45265	10.853	1.56549	4.90794	1.39701	0.368356
10.7943	1.49291	5.08117	0.25023	0.197589	11.4783	1.42876	11.0979	1.637	4.8844	1.46213	0
11.378	1.6126	5.24495	0.254438	0.174958	11.587	1.61462	11.3416	1.71179	4.85948	1.52832	2.81271
11.378	1.6126	5.24495	0.254438	0.174958	11.4763	1.53917	11.584	1.78992	4.83313	1.59551	0
11.8507	1.75026	5.18811	0.276514	0.181634	11.7788	1.74591	11.8251	1.87144	4.80531	1.66366	0.334039
11.8507	1.75026	5.18811	0.276514	0.181634	12.136	2.14937	12.0647	1.95639	4.77598	1.73273	0
12.3427	1.8497	5.15954	0.271363	0.15025	12.3226	1.78353	12.3029	2.04482	4.74508	1.80265	0.352754
12.3427	1.8497	5.15954	0.271363	0.15025	12.5457	1.77728	12.5394	2.13677	4.71257	1.87338	0
12.7553	2.07502	5.05439	0.34014	0.223627	12.5924	2.17509	12.7743	2.23227	4.67842	1.94485	2.59067
12.7553	2.07502	5.05439	0.34014	0.223627	13.2198	2.6644	13.0075	2.33137	4.64258	2.01701	0
13.1793	2.31816	5.00475	0.405364	0.282004	13.0875	2.40708	13.2388	2.43409	4.605	2.08981	1.2026
13.1793	2.31816	5.00475	0.405364	0.282004	12.7087	3.12439	13.4682	2.54047	4.56565	2.16317	0
13.6952	2.55641	5.129	0.440959	0.290739	13.836	2.62479	13.6955	2.65053	4.52448	2.23703	1.57134
13.6952	2.55641	5.129	0.440959	0.290739	13.8302	2.73893	13.9208	2.7643	4.48147	2.31134	0
14.1661	2.84416	5.19087	0.499113	0.32944	14.2106	2.94205	14.1439	2.88179	4.43656	2.38601	0.809412
14.1661	2.84416	5.19087	0.499113	0.32944	14.5568	2.87021	14.3646	3.00303	4.38974	2.46099	0
14.5747	3.02899	5.06848	0.506652	0.296589	14.4616	2.90734	14.583	3.12802	4.34097	2.5362	1.81714
14.5747	3.02899	5.06848	0.506652	0.296589	14.6754	3.96041	14.7989	3.25679	4.29021	2.61157	0
15.0069	3.37019	5.13095	0.580782	0.356087	15.0261	3.5067	15.0122	3.38932	4.23744	2.68703	1.38162
15.0069	3.37019	5.13095	0.580782	0.356087	15.3685	4.14761	15.2228	3.52563	4.18263	2.76249	0
15.4523	3.7212	5.22287	0.640043	0.386915	15.5236	3.82936	15.4306	3.66572	4.12575	2.83789	1.11875
15.4523	3.7212	5.22287	0.640043	0.386915	15.7234	3.4105	15.6355	3.80957	4.06678	2.91315	0
15.9044	4.01887	5.26443	0.657751	0.357848	15.9774	4.00094	15.8375	3.95719	4.00571	2.98817	0.399959
15.9044	4.01887	5.26443	0.657751	0.357848	16.3376	4.21632	16.0363	4.10854	3.94251	3.0629	0
16.3144	4.38413	5.30329	0.709666	0.379227	16.3313	4.44499	16.2319	4.26363	3.87716	3.13723	0.277407
16.3144	4.38413	5.30329	0.709666	0.379227	16.7586	4.48231	16.4242	4.42242	3.80966	3.21109	0
16.6761	4.71839	5.23566	0.75024	0.383742	16.6039	4.67344	16.613	4.5849	3.74	3.28438	0.462616
16.6761	4.71839	5.23566	0.75024	0.383742	16.9236	5.10119	16.7983	4.75103	3.66817	3.35704	0
17.0238	5.1338	5.25803	0.818917	0.424661	16.9955	5.21099	16.9799	4.92077	3.59416	3.42897	0.513849
17.0238	5.1338	5.25803	0.818917	0.424661	17.3421	4.64623	17.1579	5.09409	3.51797	3.50008	0
17.3489	5.49644	5.19006	0.859157	0.42262	17.2894	5.43542	17.3319	5.27094	3.4396	3.57028	0.464019
17.3489	5.49644	5.19006	0.859157	0.42262	17.6463	4.74597	17.5019	5.45128	3.35907	3.63949	0
17.7333	5.79063	5.12385	0.841979	0.342575	17.7853	5.62476	17.6679	5.63506	3.27637	3.70762	2.24267
17.7333	5.79063	5.12385	0.841979	0.342575	17.9216	6.07151	17.8297	5.82221	3.19151	3.77458	0
18.0891	6.17138	5.14309	0.865582	0.327848	18.1263	6.16985	17.9872	6.01269	3.10453	3.84027	0.0986662
18.0891	6.17138	5.14309	0.865582	0.327848	18.1245	6.79027	18.1402	6.20641	3.01542	3.90462	0
18.3367	6.6125	5.1093	0.945004	0.391691	18.2164	6.66138	18.2888	6.40332	2.92421	3.96753	1.26587
18.3367	6.6125	5.1093	0.945004	0.391691	18.4022	7.02231	18.4328	6.60333	2.83093	4.0289	0
18.6108	6.94045	4.96233	0.959654	0.359916	18.5422	6.76013	18.572	6.80638	2.7356	4.08867	2.43151
18.6108	6.94045	4.96233	0.959654	0.359916	18.8089	7.24388	18.7064	7.01237	2.63825	4.14672	0
18.9923	7.27869	4.97407	0.927715	0.267591	19.1441	7.18344	18.8359	7.22122	2.53893	4.20299	2.44123
18.9923	7.27869	4.97407	0.927715	0.267591	18.5479	7.4012	18.9604	7.43283	2.43767	4.25737	0
19.173	7.75977	4.96935	1.02824	0.367544	19.0138	7.8688	19.0798	7.64712	2.3345	4.3098	2.83224
19.173	7.75977	4.96935	1.02824	0.367544	19.3089	7.67375	19.1939	7.86397	2.22949	4.36017	0
19.3148	8.18325	4.85137	1.11018	0.42978	19.132	8.12845	19.3028	8.08329	2.12266	4.40842	2.49514
19.3148	8.18325	4.85137	1.11018	0.42978	19.0239	8.17194	19.4062	8.30497	2.01409	4.45445	0
19.4695	8.52451	4.65253	1.14879	0.426566	19.347	8.30741	19.5042	8.5289	1.90381	4.49819	3.97145
19.4695	8.52451	4.65253	1.14879	0.426566	19.6843	8.35902	19.5966	8.75494	1.7919	4.53956	0
19.7883	8.9161	4.71562	1.11536	0.323697	20.0039	8.8906	19.6835	8.983	1.67841	4.57848	3.4565
19.7883	8.9161	4.71562	1.11536	0.323697	19.6061	9.48659	19.7645	9.21294	1.56341	4.61488	0
20.0482	9.37303	4.81671	1.12632	0.294021	20.1574	9.45949	19.8398	9.44463	1.44697	4.64869	1.27327
20.0482	9.37303	4.81671	1.12632	0.294021	19.6163	9.76606	19.9093	9.67795	1.32916	4.67984	0
20.2086	9.84601	4.84413	1.18469	0.332465	20.1573	9.90876	19.9728	9.91275	1.21005	4.70826	0.48394
20.2086	9.84601	4.84413	1.18469	0.332465	19.1911	11.5493	20.0303	10.1489	1.08972	4.73389	0
20.2901	10.3616	4.88211	1.28024	0.415116	20.166	10.4687	20.0818	10.3863	0.968259	4.75666	2.0176
20.2901	10.3616	4.88211	1.28024	0.415116	19.6775	10.803	20.1271	10.6247	0.845742	4.77652	0
20.3934	10.8903	4.96561	1.34785	0.448795	20.371	11.0109	20.1663	10.864	0.722256	4.7934	1.01363
20.3934	10.8903	4.96561	1.34785	0.448795	19.4335	12.3402	20.1993	11.1041	0.597892	4.80727	0
20.4214	11.3729	4.9215	1.42921	0.498029	20.3164	11.3483	20.2261	11.3449	0.472738	4.81807	0.848676
20.4214	11.3729	4.9215	1.42921	0.498029	19.2063	12.2418	20.2466	11.5861	0.346889	4.82575	0
20.5319	11.882	4.98368	1.45362	0.463092	20.6141	11.9422	20.2608	11.8275	0.220439	4.83027	0.71411
20.5319	11.882	4.98368	1.45362	0.463092	19.966	11.9688	20.2687	12.0692	0.093487	4.83159	0
20.4713	12.4193	5.02264	1.56231	0.54558	20.3263	12.4966	20.2701	12.3108	-0.0338694	4.82968	2.03774
20.4713	12.4193	5.02264	1.56231	0.54558	20.0192	12.4823	20.2652	12.5522	-0.161529	4.82451	0
20.4773	12.9111	5.00974	1.60781	0.533739	20.498	12.8924	20.254	12.7933	-0.28939	4.81605	0.0562533
20.4773	12.9111	5.00974	1.60781	0.533739	20.9151	12.2555	20.2363	13.0339	-0.417348	4.80428	0
20.3421	13.3382	4.86908	1.71469	0.608133	20.1943	13.1688	20.2122	13.2738	-0.545298	4.78918	3.46302
20.3421	13.3382	4.86908	1.71469	0.608133	19.858	13.5236	20.1818	13.5129	-0.673135	4.77072	0
20.2856	13.8387	4.90868	1.76023	0.586832	20.3245	13.8896	20.1449	13.7509	-0.800753	4.74892	0.281471
20.2856	13.8387	4.90868	1.76023	0.586832	20.3387	13.5307	20.1017	13.9878	-0.928043	4.72374	0
20.1556	14.3222	4.9232	1.83164	0.603591	20.1216	14.337	20.0521	14.2233	-1.0549	4.69521	0.1011
20.1556	14.3222	4.9232	1.83164	0.603591	19.6717	14.4038	19.9962	14.4573	-1.18121	4.66331	0
19.9181	14.7826	4.93426	1.94536	0.674916	19.781	14.773	19.934	14.6897	-1.30687	4.62805	1.43308
19.9181	14.7826	4.93426	1.94536	0.674916	20.1149	14.0165	19.8655	14.9202	-1.43177	4.58944	0
19.8437	15.2328	4.87728	1.94806	0.589311	20.0208	15.2053	19.7908	15.1486	-1.55581	4.54751	2.38236
19.8437	15.2328	4.87728	1.94806	0.589311	20.0157	15.3443	19.7099	15.3749	-1.67887	4.50226	0
19.7536	15.6481	4.76611	1.95755	0.525265	19.9131	15.554	19.6229	15.5989	-1.80085	4.45372	2.37997
19.7536	15.6481	4.76611	1.95755	0.525265	19.9388	15.0864	19.5298	15.8203	-1.92164	4.40193	0
19.5251	16.0573	4.74463	2.03443	0.558115	19.4748	16.0098	19.4307	16.039	-2.04114	4.3469	0.351898
19.5251	16.0573	4.74463	2.03443	0.558115	19.1556	16.0022	19.3257	16.2549	-2.15925	4.28868	0
19.2692	16.4076	4.65489	2.12064	0.599943	19.238	16.2719	19.2148	16.4679	-2.27586	4.22731	1.31005
19.2692	16.4076	4.65489	2.12064	0.599943	19.4007	16.2962	19.0981	16.6777	-2.39087	4.16284	0
19.0119	16.8092	4.67923	2.17897	0.597322	19.0029	16.8387	18.9757	16.8841	-2.50418	4.0953	0.0612192
19.0119	16.8092	4.67923	2.17897	0.597322	18.8373	17.7112	18.8477	17.0872	-2.61571	4.02476	0
18.6969	17.2439	4.80846	2.24087	0.597937	18.6148	17.3832	18.7142	17.2866	-2.72534	3.95127	1.66829
18.6969	17.2439	4.80846	2.24087	0.597937	18.8177	17.0316	18.5752	17.4822	-2.83299	3.87489	0
18.2766	17.5774	4.87056	2.36381	0.680708	18.1023	17.5529	18.4309	17.674	-2.93858	3.79568	2.27671
18.2766	17.5774	4.87056	2.36381	0.680708	18.2749	17.4877	18.2814	17.8617	-3.042	3.71372	0
18.0348	17.9698	4.83063	2.35841	0.583943	18.2094	18.0461	18.1268	18.0453	-3.14318	3.62906	2.72617
18.0348	17.9698	4.83063	2.35841	0.583943	18.3021	17.498	17.9671	18.2246	-3.24204	3.5418	0
17.7595	18.283	4.71619	2.39019	0.550816	17.9018	18.2183	17.8026	18.3994	-3.3385	3.45199	1.61153
17.7595	18.283	4.71619	2.39019	0.550816	18.8558	18.1364	17.6334	18.5697	-3.43247	3.35973	0
17.4049	18.6319	4.76868	2.43197	0.532369	17.3845	18.7039	17.4595	18.7353	-3.5239	3.26509	0.371029
17.4049	18.6319	4.76868	2.43197	0.532369	17.7945	18.0801	17.281	18.8962	-3.61271	3.16817	0
17.0839	18.9232	4.69428	2.46985	0.513109	17.1762	18.8863	17.0983	19.0521	-3.69883	3.06904	0.649672
17.0839	18.9232	4.69428	2.46985	0.513109	16.9398	19.7311	16.9113	19.203	-3.78221	2.9678	0
16.6536	19.1422	4.69629	2.56844	0.575574	16.5734	19.052	16.7201	19.3488	-3.86278	2.86455	1.10137
16.6536	19.1422	4.69629	2.56844	0.575574	16.1674	20.2201	16.5251	19.4894	-3.9405	2.75938	0
16.2585	19.4692	4.78332	2.58718	0.522913	16.2338	19.6171	16.3262	19.6246	-4.01531	2.65237	1.5486
16.2585	19.4692	4.78332	2.58718	0.522913	16.4366	18.2742	16.1237	19.7545	-4.08716	2.54364	0
15.8814	19.7737	4.79876	2.59879	0.468818	15.9243	19.8703	15.9176	19.8789	-4.15602	2.43329	0.838482
15.8814	19.7737	4.79876	2.59879	0.468818	16.2328	19.2166	15.7082	19.9978	-4.22185	2.32141	0
15.4637	20.0748	4.86613	2.61687	0.429828	15.4332	20.1836	15.4956	20.111	-4.28461	2.2081	0.878555
15.4637	20.0748	4.86613	2.61687	0.429828	14.3677	21.3406	15.2799	20.2185	-4.34427	2.09347	0
15.1003	20.3669	4.82579	2.614	0.369456	15.2016	20.4385	15.0613	20.3203	-4.4008	1.97763	1.14683
15.1003	20.3669	4.82579	2.614	0.369456	14.7476	19.9571	14.84	20.4162	-4.4542	1.86068	0
14.6759	20.6036	4.83447	2.65115	0.36966	14.6665	20.6088	14.6161	20.5063	-4.50443	1.74272	0.00748459
14.6759	20.6036	4.83447	2.65115	0.36966	13.841	21.0031	14.3897	20.5904	-4.55149	1.62386	0
14.1704	20.7238	4.86736	2.75671	0.460359	14.0521	20.5924	14.1611	20.6686	-4.59537	1.50421	2.36814
14.1704	20.7238	4.86736	2.75671	0.460359	13.8232	20.859	13.9304	20.7408	-4.63606	1.38386	0
13.6273	20.8174	4.9495	2.86379	0.540455	13.4686	20.7253	13.6977	20.807	-4.67357	1.26294	2.44504
13.6273	20.8174	4.9495	2.86379	0.540455	13.8263	20.4261	13.4632	20.8671	-4.70789	1.14153	0
13.1313	20.894	4.94808	2.94505	0.576708	13.1072	20.8294	13.2271	20.9211	-4.73904	1.01975	0.362068
13.1313	20.894	4.94808	2.94505	0.576708	13.2669	21.1579	12.9895	20.969	-4.76702	0.897694	0
12.7194	21.0177	4.84193	2.9679	0.532478	12.8729	21.0592	12.7506	21.0108	-4.79186	0.775469	1.70859
12.7194	21.0177	4.84193	2.9679	0.532478	11.5171	21.6724	12.5106	21.0465	-4.81358	0.653175	0
12.2314	21.0962	4.86406	3.01853	0.52856	12.2062	21.11	12.2695	21.0761	-4.83219	0.530912	0.0530918
12.2314	21.0962	4.86406	3.01853	0.52856	12.3859	21.1066	12.0276	21.0996	-4.84773	0.408778	0
11.7216	21.0275	4.87065	3.13695	0.615884	11.6814	20.8651	11.785	21.117	-4.86022	0.286869	2.12504
11.7216	21.0275	4.87065	3.13695	0.615884	11.5265	20.6748	11.5418	21.1283	-4.86971	0.165281	0
11.2756	21.0389	4.80431	3.18229	0.595589	11.363	21.0688	11.2982	21.1335	-4.87623	0.0441057	0.56459
11.2756	21.0389	4.80431	3.18229	0.595589	10.5558	20.5567	11.0544	21.1327	-4.87982	-0.076565	0
10.8253	20.9736	4.75085	3.25823	0.618497	10.8903	20.927	10.8105	21.1259	-4.88053	-0.196643	0.428713
10.8253	20.9736	4.75085	3.25823	0.618497	9.30535	21.3896	10.5666	21.1131	-4.8784	-0.31604	0
10.3059	21.0292	4.84058	3.25021	0.523669	10.189	21.209	10.3229	21.0943	-4.87349	-0.434674	3.31021
10.3059	21.0292	4.84058	3.25021	0.523669	9.97958	21.2932	10.0795	21.0697	-4.86585	-0.552463	0
9.8789	20.9699	4.74626	3.30058	0.522542	9.99634	20.9797	9.83658	21.0391	-4.85554	-0.669327	0.887073
9.8789	20.9699	4.74626	3.30058	0.522542	9.38223	21.111	9.59422	21.0028	-4.84262	-0.785189	0
9.45212	20.8789	4.67718	3.35674	0.528712	9.53921	20.8762	9.35258	20.9607	-4.82714	-0.899977	0.486169
9.45212	20.8789	4.67718	3.35674	0.528712	9.63392	20.9724	9.11177	20.9128	-4.80919	-1.01362	0
8.90792	20.7937	4.83516	3.38822	0.498183	8.70331	20.8221	8.87192	20.8594	-4.78881	-1.12605	2.76142
8.90792	20.7937	4.83516	3.38822	0.498183	9.84634	20.009	8.63315	20.8003	-4.76608	-1.2372	0
8.37886	20.5944	4.97598	3.47032	0.53917	8.22277	20.4839	8.39557	20.7358	-4.74108	-1.34701	2.41774
8.37886	20.5944	4.97598	3.47032	0.53917	8.29647	20.4978	8.1593	20.6657	-4.71387	-1.45542	0
7.90446	20.434	4.98689	3.51632	0.528476	7.88599	20.45	7.92445	20.5903	-4.68453	-1.56237	0.0430622
7.90446	20.434	4.98689	3.51632	0.528476	8.29081	20.6565	7.69111	20.5096	-4.65313	-1.66781	0
7.35836	20.3107	5.10191	3.51791	0.458415	7.18029	20.392	7.45939	20.4237	-4.61975	-1.7717	2.65822
7.35836	20.3107	5.10191	3.51791	0.458415	7.09214	20.1196	7.22939	20.3326	-4.58448	-1.87399	0
6.86356	20.1457	5.12694	3.54231	0.429465	6.81542	20.1859	7.00119	20.2364	-4.54738	-1.97462	0.28929
6.86356	20.1457	5.12694	3.54231	0.429465	6.89359	20.1536	6.7749	20.1352	-4.50854	-2.07357	0
6.39164	19.9683	5.11518	3.5679	0.406369	6.38914	20.0137	6.55059	20.0292	-4.46805	-2.17079	0.15693
6.39164	19.9683	5.11518	3.5679	0.406369	6.67637	20.2142	6.32834	19.9183	-4.42598	-2.26625	0
5.90556	19.7846	5.133	3.5851	0.374767	5.86119	19.8306	6.10823	19.8027	-4.38241	-2.35993	0.307625
5.90556	19.7846	5.133	3.5851	0.374767	5.28178	19.5036	5.89034	19.6824	-4.33744	-2.45178	0
5.52538	19.5537	5.00534	3.64029	0.399691	5.69089	19.5755	5.67472	19.5577	-4.29114	-2.5418	1.80954
5.52538	19.5537	5.00534	3.64029	0.399691	5.9506	18.9859	5.46145	19.4284	-4.24359	-2.62995	0
5.11152	19.3561	4.93317	3.66062	0.373935	5.17021	19.4397	5.25059	19.2948	-4.19488	-2.71622	0.700458
5.11152	19.3561	4.93317	3.66062	0.373935	5.87397	19.301	5.04219	19.157	-4.1451	-2.80059	0
4.76084	19.0469	4.86592	3.74291	0.43506	4.89149	18.982	4.8363	19.015	-4.09432	-2.88305	1.52776
4.76084	19.0469	4.86592	3.74291	0.43506	3.98679	19.0452	4.63297	18.8689	-4.04263	-2.96359	0
4.39722	18.7861	4.79743	3.78404	0.432688	4.4685	18.834	4.43224	18.7188	-3.99012	-3.0422	0.471411
4.39722	18.7861	4.79743	3.78404	0.432688	4.69245	18.4634	4.23416	18.5648	-3.93685	-3.11888	0
4.1021	18.4757	4.68822	3.85845	0.47602	4.26269	18.481	4.03876	18.4071	-3.88293	-3.19362	1.72603
4.1021	18.4757	4.68822	3.85845	0.47602	3.42434	18.8357	3.84606	18.2457	-3.82841	-3.26644	0
3.65579	18.1773	4.81899	3.86564	0.41987	3.45919	18.167	3.65611	18.0807	-3.77339	-3.33732	2.60021
3.65579	18.1773	4.81899	3.86564	0.41987	4.3011	17.9267	3.46891	17.9122	-3.71795	-3.40627	0
3.2468	17.8228	4.93139	3.90117	0.409703	3.12525	17.7493	3.28449	17.7402	-3.66215	-3.47331	1.29207
3.2468	17.8228	4.93139	3.90117	0.409703	2.65664	17.888	3.10287	17.565	-3.60609	-3.53844	0
2.89541	17.5994	4.78803	3.88928	0.340789	2.9449	17.8154	2.92405	17.3866	-3.54982	-3.60167	3.35269
2.89541	17.5994	4.78803	3.88928	0.340789	3.26647	17.0897	2.74805	17.2051	-3.49344	-3.66302	0
2.56209	17.2012	4.85539	3.95575	0.383292	2.55407	17.0853	2.57486	17.0205	-3.437	-3.72251	0.944374
2.56209	17.2012	4.85539	3.95575	0.383292	2.55039	16.8884	2.4045	16.833	-3.38059	-3.78014	0
2.24322	16.8385	4.85224	3.99837	0.38903	2.25371	16.8334	2.23695	16.6427	-3.32428	-3.83595	0.0101033
2.24322	16.8385	4.85224	3.99837	0.38903	1.57735	16.0489	2.07221	16.4497	-3.26812	-3.88995	0
1.93787	16.3392	5.01472	4.08857	0.455474	1.88972	16.1054	1.91027	16.254	-3.21219	-3.94216	3.84932
1.93787	16.3392	5.01472	4.08857	0.455474	1.74362	16.2687	1.75112	16.0557	-3.15656	-3.99261	0
1.56936	15.9948	5.02234	4.07399	0.375276	1.44745	16.0853	1.59474	15.8549	-3.10129	-4.04132	1.76306
1.56936	15.9948	5.02234	4.07399	0.375276	1.6097	15.5526	1.44111	15.6517	-3.04644	-4.08832	0
1.25225	15.5367	5.12413	4.11794	0.382614	1.18395	15.4284	1.29021	15.4463	-2.99207	-4.13364	1.05109
1.25225	15.5367	5.12413	4.11794	0.382614	0.828993	15.528	1.14201	15.2386	-2.93825	-4.1773	0
0.884425	15.0875	5.25212	4.12432	0.33847	0.722706	15.0075	0.996486	15.0288	-2.88503	-4.21933	2.16523
0.884425	15.0875	5.25212	4.12432	0.33847	1.03147	15.2134	0.853604	14.8169	-2.83246	-4.25977	0
0.650373	14.659	5.18243	4.1756	0.362572	0.737301	14.7047	0.71333	14.603	-2.78061	-4.29864	0.642933
0.650373	14.659	5.18243	4.1756	0.362572	0.722177	14.2445	0.575628	14.3872	-2.72952	-4.33598	0
0.339907	14.2156	5.22841	4.18631	0.327703	0.253435	14.2029	0.440459	14.1696	-2.67925	-4.37181	0.545177
0.339907	14.2156	5.22841	4.18631	0.327703	-0.0328023	13.9604	0.307779	13.9502	-2.62984	-4.40617	0
0.235925	13.7143	5.15553	4.29919	0.436605	0.459172	13.6856	0.177545	13.7292	-2.58135	-4.43909	3.80305
0.235925	13.7143	5.15553	4.29919	0.436605	0.0524412	13.6377	0.0497099	13.5065	-2.53381	-4.47061	0
-0.0534375	13.2662	5.19344	4.29283	0.36838	-0.190344	13.2856	-0.0757753	13.2823	-2.48728	-4.50075	1.44059
-0.0534375	13.2662	5.19344	4.29283	0.36838	-0.275043	13.1456	-0.198962	13.0566	-2.44179	-4.52955	0
-0.142179	12.8212	5.04902	4.3753	0.432119	0.0462308	12.9301	-0.319903	12.8295	-2.39739	-4.55704	3.20918
-0.142179	12.8212	5.04902	4.3753	0.432119	-0.684792	12.3563	-0.438654	12.6011	-2.35412	-4.58326	0
-0.370465	12.3569	5.0777	4.38044	0.380034	-0.476482	12.3633	-0.555273	12.3714	-2.31202	-4.60823	0.845148
-0.370465	12.3569	5.0777	4.38044	0.380034	-0.972122	12.5207	-0.669818	12.1404	-2.27111	-4.63198	0
-0.555526	11.9298	5.00446	4.39296	0.346332	-0.582624	12.0386	-0.78235	11.9083	-2.23144	-4.65456	0.857826
-0.555526	11.9298	5.00446	4.39296	0.346332	-1.26757	11.6495	-0.892931	11.6751	-2.19304	-4.67598	0
-0.890703	11.4535	5.12091	4.33388	0.218048	-1.17212	11.3988	-1.00163	11.4409	-2.15594	-4.69628	5.98784
-0.890703	11.4535	5.12091	4.33388	0.218048	-0.891441	10.959	-1.1085	11.2057	-2.12017	-4.71549	0
-1.20589	11.0103	5.14669	4.28331	0.119805	-1.39289	11.0424	-1.21362	10.9695	-2.08575	-4.73364	2.74214
-1.20589	11.0103	5.14669	4.28331	0.119805	-1.29894	10.9012	-1.31706	10.7324	-2.05273	-4.75075	0
-1.444	10.5061	5.22633	4.28899	0.111404	-1.49687	10.4198	-1.41889	10.4945	-2.02111	-4.76686	0.657837
-1.444	10.5061	5.22633	4.28899	0.111404	-1.59293	10.0212	-1.51917	10.2559	-1.99093	-4.78198	0
-1.64964	10.0955	5.11136	4.28941	0.0965049	-1.61875	10.2374	-1.61797	10.0165	-1.96221	-4.79615	1.36006
-1.64964	10.0955	5.11136	4.28941	0.0965049	-1.59702	9.96554	-1.71539	9.77637	-1.93498	-4.80939	0
-1.81067	9.65151	5.04225	4.31689	0.120424	-1.73381	9.71347	-1.81147	9.53564	-1.90924	-4.82172	0.650335
-1.81067	9.65151	5.04225	4.31689	0.120424	-2.27191	9.37316	-1.90631	9.29431	-1.88502	-4.83316	0
-1.95862	9.04886	5.24293	4.37855	0.187618	-1.93833	8.77028	-1.99998	9.05243	-1.86233	-4.84374	5.20777
-1.95862	9.04886	5.24293	4.37855	0.187618	-1.96565	9.13274	-2.09256	8.81003	-1.8412	-4.85347	0
-2.14579	8.55145	5.25955	4.38756	0.174319	-2.1768	8.5411	-2.18412	8.56717	-1.82164	-4.86238	0.0765865
-2.14579	8.55145	5.25955	4.38756	0.174319	-2.65862	8.19477	-2.27474	8.32388	-1.80365	-4.87047	0
-2.27579	8.08152	5.1899	4.41611	0.189818	-2.21875	8.15339	-2.3645	8.0802	-1.78726	-4.87778	0.549411
-2.27579	8.08152	5.1899	4.41611	0.189818	-2.273	8.52315	-2.45348	7.83617	-1.77248	-4.8843	0
-2.49474	7.59715	5.212	4.39684	0.137722	-2.59674	7.60288	-2.54177	7.59184	-1.75931	-4.89006	0.795829
-2.49474	7.59715	5.212	4.39684	0.137722	-3.08256	7.38874	-2.62944	7.34723	-1.74777	-4.89507	0
-2.71147	7.09513	5.25766	4.38237	0.0990981	-2.79865	7.064	-2.71658	7.10238	-1.73786	-4.89933	0.618189
-2.71147	7.09513	5.25766	4.38237	0.0990981	-2.79412	7.20818	-2.80326	6.85734	-1.72958	-4.90286	0
-2.83407	6.67934	5.09183	4.40105	0.111451	-2.74651	6.86867	-2.88957	6.61214	-1.72295	-4.90566	2.79101
-2.83407	6.67934	5.09183	4.40105	0.111451	-2.57673	6.36755	-2.97559	6.36681	-1.71797	-4.90774	0
-2.95338	6.20316	5.05884	4.42766	0.132535	-2.90217	6.22989	-3.0614	6.12139	-1.71464	-4.90911	0.234275
-2.95338	6.20316	5.05884	4.42766	0.132535	-3.50172	6.10796	-3.14709	5.87592	-1.71297	-4.90976	0
-3.12089	5.66176	5.17223	4.43522	0.124479	-3.1778	5.53101	-3.23274	5.63043	-1.71295	-4.9097	1.30404
-3.12089	5.66176	5.17223	4.43522	0.124479	-3.19736	5.19093	-3.31843	5.38496	-1.71458	-4.90893	0
-3.3275	5.15145	5.23127	4.41489	0.0796989	-3.43031	5.10507	-3.40424	5.13955	-1.71787	-4.90745	0.906032
-3.3275	5.15145	5.23127	4.41489	0.0796989	-3.4281	4.94644	-3.49026	4.89422	-1.72281	-4.90525	0
-3.56347	4.61812	5.3348	4.38497	0.0279495	-3.69435	4.52196	-3.57657	4.64902	-1.72939	-4.90233	1.81184
-3.56347	4.61812	5.3348	4.38497	0.0279495	-3.50501	4.17643	-3.66325	4.40398	-1.73763	-4.89868	0
-3.84324	4.10229	5.41458	4.33471	-0.0442765	-4.00238	4.04684	-3.75039	4.15913	-1.74749	-4.8943	2.06501
-3.84324	4.10229	5.41458	4.33471	-0.0442765	-4.06447	4.10977	-3.83806	3.91452	-1.75899	-4.88918	0
-3.98149	3.64258	5.30622	4.35381	-0.0126713	-3.88053	3.75177	-3.92635	3.67019	-1.77212	-4.8833	1.46394
-3.98149	3.64258	5.30622	4.35381	-0.0126713	-4.23729	3.88878	-4.01533	3.42616	-1.78686	-4.87666	0
-4.16362	3.16968	5.26517	4.35054	-0.0155633	-4.15119	3.21968	-4.10509	3.18248	-1.8032	-4.86925	0.170256
-4.16362	3.16968	5.26517	4.35054	-0.0155633	-4.27467	2.88187	-4.19571	2.93919	-1.82113	-4.86104	0
-4.33441	2.63663	5.3275	4.364	0.00512145	-4.32451	2.55034	-4.28727	2.69633	-1.84065	-4.85202	0.503401
-4.33441	2.63663	5.3275	4.364	0.00512145	-4.38481	2.39989	-4.37985	2.45393	-1.86173	-4.84218	0
-4.55369	2.12645	5.3694	4.34785	-0.0176041	-4.61223	2.09192	-4.47352	2.21205	-1.88436	-4.83149	0.320603
-4.55369	2.12645	5.3694	4.34785	-0.0176041	-4.29257	1.92854	-4.56836	1.97072	-1.90853	-4.81994	0
-4.79223	1.60176	5.44103	4.32755	-0.042923	-4.86829	1.53442	-4.66444	1.72998	-1.93422	-4.80751	0.691434
-4.79223	1.60176	5.44103	4.32755	-0.042923	-4.98165	1.43611	-4.76186	1.48989	-1.9614	-4.79417	0
-4.86873	1.14572	5.27841	4.37662	0.0300242	-4.66779	1.28643	-4.86066	1.25049	-1.99007	-4.7799	4.11141
-4.86873	1.14572	5.27841	4.37662	0.0300242	-4.98594	1.10894	-4.96095	1.01182	-2.02019	-4.76468	0
-4.97168	0.697789	5.14988	4.40463	0.0644177	-4.85498	0.825661	-5.06277	0.77393	-2.05174	-4.74848	1.97473
-4.97168	0.697789	5.14988	4.40463	0.0644177	-4.84736	0.18101	-5.16621	0.536876	-2.08471	-4.73127	0
-5.12643	0.223433	5.12347	4.40802	0.0603313	-5.1231	0.257311	-5.27133	0.300706	-2.11906	-4.71303	0.0749768
-5.12643	0.223433	5.12347	4.40802	0.0603313	-5.99809	-0.290765	-5.3782	0.0654719	-2.15477	-4.69374	0
-5.28868	-0.247469	5.10024	4.40594	0.0493201	-5.29972	-0.212982	-5.4869	-0.168772	-2.1918	-4.67335	0.089646
-5.28868	-0.247469	5.10024	4.40594	0.0493201	-5.64447	-0.144522	-5.59748	-0.401971	-2.23014	-4.65185	0
-5.61862	-0.628325	5.02121	4.30448	-0.0958128	-5.85359	-0.445801	-5.71001	-0.634069	-2.26974	-4.62919	6.63767
-5.61862	-0.628325	5.02121	4.30448	-0.0958128	-5.30947	-0.724468	-5.82456	-0.865006	-2.31058	-4.60536	0
-5.83672	-1.14275	5.12715	4.29639	-0.0934271	-5.87835	-1.26863	-5.94118	-1.09472	-2.35262	-4.58032	1.12475
-5.83672	-1.14275	5.12715	4.29639	-0.0934271	-5.68069	-1.52871	-6.05993	-1.32316	-2.39581	-4.55404	0
-6.14107	-1.56856	5.12108	4.23154	-0.16901	-6.27263	-1.50938	-6.18087	-1.55025	-2.44014	-4.52648	1.59135
-6.14107	-1.56856	5.12108	4.23154	-0.16901	-6.11355	-1.75966	-6.30406	-1.77593	-2.48555	-4.49762	0
-6.35961	-2.05919	5.17187	4.2337	-0.142649	-6.34007	-2.13685	-6.42954	-2.00014	-2.532	-4.46742	0.441201
-6.35961	-2.05919	5.17187	4.2337	-0.142649	-6.99344	-2.17445	-6.55738	-2.22281	-2.57946	-4.43585	0
-6.68074	-2.4838	5.18194	4.1735	-0.204892	-6.79288	-2.4458	-6.68761	-2.44386	-2.62788	-4.40288	1.07636
-6.68074	-2.4838	5.18194	4.1735	-0.204892	-7.14408	-2.67584	-6.82029	-2.66323	-2.6772	-4.36847	0
-6.88213	-2.99018	5.23095	4.20129	-0.138956	-6.8003	-3.10086	-6.95546	-2.88084	-2.7274	-4.3326	1.4133
-6.88213	-2.99018	5.23095	4.20129	-0.138956	-7.13937	-3.22028	-7.09316	-3.09663	-2.7784	-4.29523	0
-7.14178	-3.38489	5.13817	4.17227	-0.160123	-7.12118	-3.26434	-7.23344	-3.3105	-2.83017	-4.25632	0.977063
-7.14178	-3.38489	5.13817	4.17227	-0.160123	-7.77186	-4.08999	-7.37632	-3.5224	-2.88265	-4.21586	0
-7.45764	-3.70759	4.99986	4.10429	-0.231384	-7.49009	-3.49081	-7.52184	-3.73223	-2.93579	-4.1738	3.31039
-7.45764	-3.70759	4.99986	4.10429	-0.231384	-7.52393	-3.88213	-7.67004	-3.93992	-2.98953	-4.13012	0
-7.78961	-4.16867	5.12585	4.07698	-0.23599	-7.88049	-4.29783	-7.82094	-4.14538	-3.04381	-4.08479	1.59616
-7.78961	-4.16867	5.12585	4.07698	-0.23599	-8.08524	-4.57834	-7.97457	-4.34854	-3.09857	-4.03778	0
-8.13511	-4.64504	5.26747	4.05659	-0.230317	-8.22492	-4.79812	-8.13095	-4.5493	-3.15376	-3.98906	2.01526
-8.13511	-4.64504	5.26747	4.05659	-0.230317	-8.453	-4.95621	-8.2901	-4.74759	-3.2093	-3.93862	0
-8.40955	-5.08122	5.24934	4.0628	-0.190733	-8.33552	-5.1059	-8.45204	-4.94331	-3.26514	-3.88641	0.46322
-8.40955	-5.08122	5.24934	4.0628	-0.190733	-8.55062	-4.79248	-8.61678	-5.13637	-3.32121	-3.83242	0
-8.79985	-5.49228	5.32021	4.01294	-0.232103	-8.91477	-5.51752	-8.78433	-5.32669	-3.37745	-3.77663	0.968064
-8.79985	-5.49228	5.32021	4.01294	-0.232103	-9.04115	-5.69364	-8.95469	-5.51417	-3.43377	-3.71901	0
-9.10866	-5.86882	5.24167	3.99732	-0.222372	-9.03391	-5.80267	-9.12788	-5.69872	-3.49012	-3.65955	0.642212
-9.10866	-5.86882	5.24167	3.99732	-0.222372	-8.86897	-5.41973	-9.30388	-5.88026	-3.54643	-3.59823	0
-9.42564	-6.11472	5.00224	3.94006	-0.271835	-9.30811	-5.82368	-9.4827	-6.05868	-3.60261	-3.53503	6.41118
-9.42564	-6.11472	5.00224	3.94006	-0.271835	-9.80646	-6.41174	-9.66432	-6.23389	-3.6586	-3.46994	0
-9.71665	-6.50856	4.98448	3.95186	-0.219069	-9.62547	-6.55958	-9.84874	-6.4058	-3.71431	-3.40295	0.829828
-9.71665	-6.50856	4.98448	3.95186	-0.219069	-10.6688	-6.35543	-10.0359	-6.57431	-3.76969	-3.33404	0
-10.1241	-6.84507	5.0324	3.89876	-0.261038	-10.2246	-6.83402	-10.2259	-6.73933	-3.82463	-3.26321	0.735311
-10.1241	-6.84507	5.0324	3.89876	-0.261038	-10.2205	-6.71044	-10.4186	-6.90075	-3.87907	-3.19046	0
-10.5849	-7.20822	5.17886	3.84568	-0.29642	-10.7616	-7.29159	-10.614	-7.05849	-3.93293	-3.11577	2.50138
-10.5849	-7.20822	5.17886	3.84568	-0.29642	-10.8944	-6.83335	-10.8121	-7.21245	-3.98613	-3.03916	0
-11.0676	-7.53496	5.28755	3.78399	-0.338856	-11.2219	-7.56979	-11.0128	-7.36252	-4.03859	-2.96062	1.6867
-11.0676	-7.53496	5.28755	3.78399	-0.338856	-10.986	-7.3707	-11.2161	-7.50862	-4.09021	-2.88015	0
-11.3618	-7.80573	5.05857	3.78201	-0.298343	-11.0934	-7.6776	-11.422	-7.65064	-4.14093	-2.79777	5.73484
-11.3618	-7.80573	5.05857	3.78201	-0.298343	-11.4213	-7.46085	-11.6304	-7.78849	-4.19066	-2.71349	0
-11.701	-8.01042	4.85557	3.73875	-0.318805	-11.5269	-7.8215	-11.8413	-7.92208	-4.23932	-2.6273	4.23434
-11.701	-8.01042	4.85557	3.73875	-0.318805	-11.9422	-7.88317	-12.0546	-8.05131	-4.28682	-2.53924	0
-12.1103	-8.2068	4.78587	3.67583	-0.361418	-12.09	-8.08828	-12.2702	-8.17609	-4.33309	-2.44932	1.00427
-12.1103	-8.2068	4.78587	3.67583	-0.361418	-12.4462	-8.02117	-12.4881	-8.29633	-4.37802	-2.35756	0
-12.4998	-8.37895	4.68176	3.61956	-0.389754	-12.4231	-8.2599	-12.7082	-8.41193	-4.42156	-2.26399	1.31394
-12.4998	-8.37895	4.68176	3.61956	-0.389754	-12.7461	-8.19449	-12.9304	-8.5228	-4.4636	-2.16863	0
-13.0399	-8.59114	4.8757	3.54736	-0.431733	-13.2911	-8.64594	-13.1547	-8.62886	-4.50407	-2.07151	4.30768
-13.0399	-8.59114	4.8757	3.54736	-0.431733	-13.7929	-8.47158	-13.381	-8.73002	-4.54289	-1.97267	0
-13.4645	-8.70198	4.77172	3.47665	-0.470309	-13.384	-8.57583	-13.6092	-8.82619	-4.57997	-1.87214	1.48852
-13.4645	-8.70198	4.77172	3.47665	-0.470309	-13.6376	-8.26344	-13.8392	-8.91729	-4.61524	-1.76997	0
-13.9368	-8.90116	4.84482	3.45184	-0.439332	-13.9959	-8.99264	-14.0709	-9.00324	-4.64861	-1.6662	0.795477
-13.9368	-8.90116	4.84482	3.45184	-0.439332	-14.4737	-8.79552	-14.3043	-9.08395	-4.68001	-1.56086	0
-14.4029	-9.0966	4.88951	3.43721	-0.399492	-14.4273	-9.1875	-14.5391	-9.15936	-4.70936	-1.45402	0.631723
-14.4029	-9.0966	4.88951	3.43721	-0.399492	-14.5757	-9.32634	-14.7754	-9.22939	-4.73658	-1.34573	0
-14.9392	-9.14773	4.95499	3.34172	-0.472612	-15.062	-9.04396	-15.013	-9.29397	-4.76161	-1.23603	1.89211
-14.9392	-9.14773	4.95499	3.34172	-0.472612	-15.6189	-9.69365	-15.2517	-9.35302	-4.78436	-1.125	0
-15.4911	-9.36279	5.13585	3.35153	-0.393862	-15.6682	-9.56749	-15.4916	-9.40649	-4.80476	-1.01269	4.94093
-15.4911	-9.36279	5.13585	3.35153	-0.393862	-15.9382	-9.35751	-15.7324	-9.45431	-4.82275	-0.899159	0
-16.0186	-9.51448	5.20433	3.33753	-0.359104	-16.0862	-9.59819	-15.9741	-9.49642	-4.83827	-0.784484	0.792981
-16.0186	-9.51448	5.20433	3.33753	-0.359104	-16.6033	-8.85459	-16.2164	-9.53277	-4.85124	-0.668734	0
-16.5028	-9.50999	5.11825	3.25459	-0.422927	-16.4229	-9.37029	-16.4594	-9.5633	-4.8616	-0.55198	1.84393
-16.5028	-9.50999	5.11825	3.25459	-0.422927	-16.011	-9.33486	-16.7027	-9.58797	-4.8693	-0.434301	0
-17.0455	-9.50127	5.16237	3.17963	-0.466177	-17.1132	-9.43043	-16.9464	-9.60673	-4.87427	-0.315773	0.704961
-17.0455	-9.50127	5.16237	3.17963	-0.466177	-16.9255	-10.8571	-17.1903	-9.61954	-4.87646	-0.196479	0
-17.5545	-9.53691	5.15805	3.14826	-0.445728	-17.5448	-9.57485	-17.4342	-9.62636	-4.87583	-0.0765024	0.117965
-17.5545	-9.53691	5.15805	3.14826	-0.445728	-18.1371	-9.39146	-17.6781	-9.62717	-4.87232	0.0440703	0
-18.0404	-9.48513	5.10073	3.08187	-0.476063	-17.9724	-9.42299	-17.9216	-9.62194	-4.86588	0.165151	0.583442
-18.0404	-9.48513	5.10073	3.08187	-0.476063	-18.3083	-9.18778	-18.1648	-9.61064	-4.85648	0.286648	0
-18.4642	-9.51402	4.95137	3.07367	-0.425125	-18.2763	-9.60997	-18.4074	-9.59325	-4.84408	0.40847	2.97771
-18.4642	-9.51402	4.95137	3.07367	-0.425125	-18.2443	-9.58547	-18.6493	-9.56977	-4.82864	0.530522	0
-18.9556	-9.48893	4.94987	3.0413	-0.411425	-18.9545	-9.51544	-18.8904	-9.54017	-4.81012	0.652707	0.0536378
-18.9556	-9.48893	4.94987	3.0413	-0.411425	-18.6983	-9.02886	-19.1305	-9.50447	-4.78851	0.774927	0
-19.3992	-9.2915	4.87967	2.9248	-0.514192	-19.2983	-9.09865	-19.3694	-9.46265	-4.76378	0.897083	3.4949
-19.3992	-9.2915	4.87967	2.9248	-0.514192	-19.7037	-8.79906	-19.6069	-9.41472	-4.73591	1.01907	0
-19.8696	-9.08811	4.89521	2.82643	-0.577339	-19.8731	-8.96417	-19.8431	-9.36071	-4.70487	1.1408	1.15947
-19.8696	-9.08811	4.89521	2.82643	-0.577339	-20.3815	-7.6755	-20.0775	-9.30061	-4.67066	1.26215	0
-20.2906	-9.19471	4.72919	2.91137	-0.388189	-20.1607	-9.59663	-20.3102	-9.23446	-4.63328	1.38303	12.997
-20.2906	-9.19471	4.72919	2.91137	-0.388189	-20.4587	-9.7448	-20.5409	-9.16227	-4.59271	1.50334	0
-20.717	-9.01028	4.70161	2.83236	-0.442466	-20.6596	-8.91527	-20.7696	-9.08409	-4.54895	1.62296	0.912586
-20.717	-9.01028	4.70161	2.83236	-0.442466	-21.5568	-8.5005	-20.9959	-8.99994	-4.50202	1.74179	0
-21.1164	-8.85156	4.62698	2.77893	-0.455629	-21.0195	-8.85081	-21.2198	-8.90987	-4.45191	1.85972	0.60643
-21.1164	-8.85156	4.62698	2.77893	-0.455629	-21.8628	-8.64129	-21.4412	-8.81393	-4.39865	1.97666	0
-21.5364	-8.75423	4.5724	2.77328	-0.403211	-21.5029	-8.87191	-21.6597	-8.71217	-4.34224	2.0925	1.07502
-21.5364	-8.75423	4.5724	2.77328	-0.403211	-21.9514	-7.41274	-21.8754	-8.60465	-4.2827	2.20712	0
-21.9646	-8.57793	4.58543	2.73214	-0.404161	-21.9793	-8.57089	-22.0881	-8.49143	-4.22007	2.32043	0.0171214
-21.9646	-8.57793	4.58543	2.73214	-0.404161	-22.1914	-7.70392	-22.2975	-8.37258	-4.15437	2.43232	0
-22.4436	-8.38044	4.69798	2.70037	-0.391605	-22.5838	-8.35296	-22.5035	-8.24817	-4.08564	2.5427	1.31114
-22.4436	-8.38044	4.69798	2.70037	-0.391605	-22.3177	-8.57758	-22.7061	-8.11829	-4.01391	2.65145	0
-22.8843	-7.97916	4.87092	2.56382	-0.518316	-22.9861	-7.6724	-22.9049	-7.98301	-3.93923	2.75848	7.36977
-22.8843	-7.97916	4.87092	2.56382	-0.518316	-23.2693	-8.32031	-23.1	-7.84243	-3.86163	2.8637	0
-23.3411	-7.65794	5.00142	2.50298	-0.528161	-23.4777	-7.56583	-23.2911	-7.69663	-3.78118	2.967	1.7397
-23.3411	-7.65794	5.00142	2.50298	-0.528161	-23.473	-7.02103	-23.4781	-7.54572	-3.69792	3.06828	0
-23.6697	-7.34446	4.90689	2.42961	-0.557136	-23.5408	-7.36069	-23.6609	-7.3898	-3.61191	3.16746	1.11144
-23.6697	-7.34446	4.90689	2.42961	-0.557136	-24.0505	-6.56968	-23.8393	-7.22897	-3.52321	3.26445	0
-24.0129	-7.10403	4.78623	2.40953	-0.512428	-23.9384	-7.26171	-24.0132	-7.06336	-3.43189	3.35916	2.03827
-24.0129	-7.10403	4.78623	2.40953	-0.512428	-24.3577	-5.94086	-24.1825	-6.89307	-3.33801	3.45149	0
-24.3058	-6.64276	4.85832	2.28133	-0.612898	-24.2574	-6.4352	-24.347	-6.71823	-3.24166	3.54138	3.36415
-24.3058	-6.64276	4.85832	2.28133	-0.612898	-24.788	-7.18367	-24.5066	-6.53896	-3.14289	3.62873	0
-24.5108	-6.3116	4.66729	2.20251	-0.64018	-24.3008	-6.43799	-24.6612	-6.35538	-3.0418	3.71347	3.85516
-24.5108	-6.3116	4.66729	2.20251	-0.64018	-24.6108	-6.00878	-24.8107	-6.16764	-2.93846	3.79553	0
-24.9062	-5.94429	4.81141	2.19828	-0.5577	-25.146	-5.91902	-24.955	-5.97587	-2.83295	3.87484	3.97998
-24.9062	-5.94429	4.81141	2.19828	-0.5577	-24.8975	-5.02285	-25.094	-5.7802	-2.72537	3.95132	0
-25.1883	-5.58253	4.77665	2.15992	-0.535236	-25.1941	-5.64372	-25.2276	-5.58079	-2.61581	4.02492	0.264148
-25.1883	-5.58253	4.77665	2.15992	-0.535236	-25.5328	-5.4399	-25.3556	-5.37777	-2.50435	4.09557	0
-25.4859	-5.15977	4.85424	2.11875	-0.517556	-25.5713	-5.10241	-25.4779	-5.1713	-2.39109	4.16322	0.686394
-25.4859	-5.15977	4.85424	2.11875	-0.517556	-25.0178	-6.55904	-25.5946	-4.96152	-2.27613	4.22781	0
-25.7235	-4.79316	4.77047	2.08257	-0.498063	-25.6952	-4.89995	-25.7055	-4.7486	-2.15956	4.2893	0.798351
-25.7235	-4.79316	4.77047	2.08257	-0.498063	-25.8162	-4.40681	-25.8105	-4.53268	-2.04149	4.34764	0
-25.9428	-4.33719	4.8225	2.02033	-0.513882	-25.9516	-4.26659	-25.9096	-4.31392	-1.92202	4.40279	0.33538
-25.9428	-4.33719	4.8225	2.02033	-0.513882	-26.8953	-4.43966	-26.0027	-4.0925	-1.80125	4.45471	0
-26.1218	-3.82405	4.92505	1.93876	-0.552556	-26.1198	-3.67723	-26.0897	-3.86856	-1.67928	4.50337	1.4482
-26.1218	-3.82405	4.92505	1.93876	-0.552556	-26.5652	-3.85723	-26.1706	-3.64227	-1.55623	4.54875	0
-26.167	-3.31069	4.9132	1.8121	-0.64769	-25.9974	-3.24722	-26.2453	-3.41381	-1.4322	4.59081	2.49434
-26.167	-3.31069	4.9132	1.8121	-0.64769	-26.2976	-3.01078	-26.3138	-3.18332	-1.30729	4.62954	0
-26.2326	-2.84289	4.87007	1.73131	-0.669926	-26.1741	-2.87885	-26.376	-2.95098	-1.18162	4.66493	0.321052
-26.2326	-2.84289	4.87007	1.73131	-0.669926	-26.4681	-3.44967	-26.4319	-2.71697	-1.05529	4.69696	0
-26.4598	-2.49108	4.72757	1.77363	-0.527674	-26.674	-2.73852	-26.4815	-2.48143	-0.928411	4.72562	7.76699
-26.4598	-2.49108	4.72757	1.77363	-0.527674	-26.657	-1.72382	-26.5247	-2.24456	-0.80109	4.75091	0
-26.5977	-2.07601	4.66518	1.75768	-0.479854	-26.6691	-2.17333	-26.5616	-2.0065	-0.673434	4.77284	1.03457
-26.5977	-2.07601	4.66518	1.75768	-0.479854	-26.3248	-1.32261	-26.5921	-1.76744	-0.545553	4.79141	0
-26.5879	-1.58567	4.68792	1.65925	-0.546452	-26.4671	-1.53207	-26.6161	-1.52753	-0.417552	4.80664	1.30823
-26.5879	-1.58567	4.68792	1.65925	-0.546452	-26.4998	-2.19526	-26.6338	-1.28695	-0.289538	4.81852	0
-26.6101	-1.12611	4.6735	1.60183	-0.550334	-26.5998	-1.14277	-26.6451	-1.04586	-0.161616	4.8271	0.0251051
-26.6101	-1.12611	4.6735	1.60183	-0.550334	-27.2008	-1.67679	-26.65	-0.804425	-0.0338883	4.83238	0
-26.6612	-0.641993	4.71622	1.57324	-0.51468	-26.7355	-0.59539	-26.6485	-0.562811	0.0935412	4.83439	0.543007
-26.6612	-0.641993	4.71622	1.57324	-0.51468	-26.9891	0.0351487	-26.6406	-0.321181	0.220572	4.83317	0
-26.5684	-0.0993611	4.83953	1.47238	-0.578289	-26.4553	0.0602653	-26.6264	-0.0796947	0.347104	4.82874	2.6261
-26.5684	-0.0993611	4.83953	1.47238	-0.578289	-26.9537	0.136943	-26.6059	0.161489	0.473041	4.82116	0
-26.5536	0.438851	4.94813	1.44028	-0.542341	-26.6201	0.57588	-26.5792	0.402213	0.598287	4.81045	1.53251
-26.5536	0.438851	4.94813	1.44028	-0.542341	-26.8241	0.381506	-26.5462	0.642323	0.722748	4.79667	0
-26.5826	0.968315	5.01368	1.44654	-0.460962	-26.7293	1.06082	-26.5069	0.881666	0.846334	4.77986	2.20462
-26.5826	0.968315	5.01368	1.44654	-0.460962	-25.9562	2.60409	-26.4616	1.12009	0.968955	4.76007	0
-26.4622	1.44939	4.99728	1.37399	-0.496321	-26.3986	1.42212	-26.4101	1.35745	1.09053	4.73737	0.361906
-26.4622	1.44939	4.99728	1.37399	-0.496321	-26.5072	-0.563928	-26.3526	1.59361	1.21096	4.71181	0
-26.3535	1.89195	4.91837	1.32199	-0.500543	-26.3594	1.79315	-26.2891	1.82841	1.33018	4.68345	0.626635
-26.3535	1.89195	4.91837	1.32199	-0.500543	-26.3475	1.82827	-26.2197	2.06173	1.44811	4.65235	0
-26.2297	2.30944	4.81737	1.27172	-0.502243	-26.2502	2.18481	-26.1444	2.29342	1.56467	4.61859	1.01968
-26.2297	2.30944	4.81737	1.27172	-0.502243	-26.069	2.27896	-26.0633	2.52336	1.67979	4.58223	0
-26.0725	2.77754	4.84185	1.22078	-0.502846	-26.0641	2.80701	-25.9765	2.75141	1.79339	4.54334	0.059984
-26.0725	2.77754	4.84185	1.22078	-0.502846	-26.3234	3.02388	-25.8841	2.97746	1.90543	4.502	0
-25.8761	3.28535	4.95454	1.16865	-0.503641	-25.8345	3.42005	-25.7861	3.20139	2.01582	4.45828	1.27026
-25.8761	3.28535	4.95454	1.16865	-0.503641	-26.1824	3.73376	-25.6826	3.42306	2.12452	4.41227	0
-25.6661	3.70328	4.90309	1.11014	-0.515326	-25.6666	3.63509	-25.5737	3.64239	2.23146	4.36404	0.302469
-25.6661	3.70328	4.90309	1.11014	-0.515326	-25.5773	3.13316	-25.4596	3.85924	2.3366	4.31367	0
-25.5574	4.10392	4.76707	1.11383	-0.443546	-25.7492	3.99968	-25.3402	4.07353	2.43989	4.26125	3.28701
-25.5574	4.10392	4.76707	1.11383	-0.443546	-25.3516	3.75691	-25.2157	4.28514	2.54127	4.20686	0
-25.2127	4.51402	4.84127	1.00316	-0.531135	-25.0214	4.52803	-25.0863	4.49399	2.64071	4.15058	2.69462
-25.2127	4.51402	4.84127	1.00316	-0.531135	-24.2719	4.30917	-24.9518	4.69998	2.73817	4.09251	0
-24.9779	4.90861	4.80266	0.9663	-0.51003	-25.0363	4.88499	-24.8126	4.90303	2.83361	4.03273	0.274099
-24.9779	4.90861	4.80266	0.9663	-0.51003	-24.3609	4.95947	-24.6686	5.10304	2.92701	3.97132	0
-24.6245	5.30554	4.88467	0.883566	-0.551069	-24.5041	5.35293	-24.5201	5.29995	3.01833	3.90839	1.1455
-24.6245	5.30554	4.88467	0.883566	-0.551069	-24.4379	5.24592	-24.367	5.49367	3.10754	3.84401	0
-24.23	5.64283	4.91584	0.784182	-0.609587	-24.1159	5.61152	-24.2095	5.68414	3.19464	3.77827	1.04573
-24.23	5.64283	4.91584	0.784182	-0.609587	-24.5638	4.75836	-24.0477	5.8713	3.27959	3.71127	0
-23.8866	5.96863	4.88612	0.726183	-0.606244	-23.9153	5.94377	-23.8818	6.05508	3.36239	3.64309	0.0924586
-23.8866	5.96863	4.88612	0.726183	-0.606244	-23.5491	6.44495	-23.7117	6.23542	3.44302	3.57383	0
-23.5624	6.29199	4.83954	0.690252	-0.574296	-23.6471	6.29102	-23.5377	6.41227	3.52148	3.50357	0.505626
-23.5624	6.29199	4.83954	0.690252	-0.574296	-23.7544	6.53746	-23.3598	6.58559	3.59775	3.4324	0
-23.1353	6.67703	5.01363	0.649255	-0.549069	-23.0099	6.86182	-23.1781	6.75533	3.67185	3.36041	3.20281
-23.1353	6.67703	5.01363	0.649255	-0.549069	-22.7862	5.74143	-22.9928	6.92146	3.74376	3.28768	0
-22.7238	7.00132	5.06062	0.605981	-0.532726	-22.6991	7.063	-22.804	7.08393	3.8135	3.21431	0.292678
-22.7238	7.00132	5.06062	0.605981	-0.532726	-22.418	6.76159	-22.6117	7.24273	3.88106	3.14038	0
-22.3763	7.30358	4.9824	0.589625	-0.484613	-22.5083	7.31524	-22.4161	7.39782	3.94647	3.06598	1.23341
-22.3763	7.30358	4.9824	0.589625	-0.484613	-22.0543	7.85452	-22.2173	7.54917	4.00974	2.99118	0
-22.0463	7.63035	4.91506	0.596902	-0.411	-22.1947	7.69478	-22.0154	7.69679	4.07087	2.91607	1.92729
-22.0463	7.63035	4.91506	0.596902	-0.411	-21.6178	9.0351	-21.8105	7.84064	4.12989	2.84074	0
-21.6418	7.91418	4.92297	0.565223	-0.398338	-21.6473	7.94	-21.6026	7.98072	4.18681	2.76526	0.0517917
-21.6418	7.91418	4.92297	0.565223	-0.398338	-21.8637	7.78661	-21.392	8.11703	4.24166	2.68971	0
-21.1576	8.03356	4.88486	0.444996	-0.50619	-21.0853	7.83229	-21.1787	8.24957	4.29447	2.61417	3.44924
-21.1576	8.03356	4.88486	0.444996	-0.50619	-20.5503	9.28616	-20.9628	8.37833	4.34526	2.53871	0
-20.8399	8.35549	4.79811	0.488051	-0.381852	-21.0519	8.50983	-20.7444	8.50333	4.39406	2.46341	5.10241
-20.8399	8.35549	4.79811	0.488051	-0.381852	-19.9265	9.40847	-20.5237	8.62457	4.4409	2.38835	0
-20.3511	8.60739	4.92865	0.449869	-0.380556	-20.21	8.68914	-20.3006	8.74206	4.48582	2.31358	1.70042
-20.3511	8.60739	4.92865	0.449869	-0.380556	-20.2277	8.8532	-20.0753	8.85583	4.52884	2.23919	0
-19.9595	8.84128	4.86381	0.440022	-0.34336	-20.0633	8.86724	-19.848	8.96589	4.57001	2.16524	0.794748
-19.9595	8.84128	4.86381	0.440022	-0.34336	-19.9264	8.78179	-19.6186	9.07227	4.60937	2.09179	0
-19.5037	9.00999	4.86153	0.387447	-0.36778	-19.4861	8.96665	-19.3873	9.17499	4.64694	2.01891	0.166194
-19.5037	9.00999	4.86153	0.387447	-0.36778	-18.5719	10.2069	-19.1542	9.27409	4.68278	1.94666	0
-18.9305	9.17163	5.05241	0.31567	-0.41287	-18.6786	9.19191	-18.9193	9.36959	4.71692	1.8751	4.18053
-18.9305	9.17163	5.05241	0.31567	-0.41287	-19.2825	8.98189	-18.6827	9.46154	4.7494	1.80429	0
-18.4468	9.3777	5.0957	0.304241	-0.372382	-18.4242	9.46852	-18.4446	9.54996	4.78028	1.73429	0.631645
-18.4468	9.3777	5.0957	0.304241	-0.372382	-18.1634	8.72444	-18.2049	9.63492	4.80959	1.66514	0
-17.9079	9.59694	5.23092	0.295983	-0.331995	-17.7736	9.72478	-17.9639	9.71643	4.83737	1.59691	2.26638
-17.9079	9.59694	5.23092	0.295983	-0.331995	-17.2296	9.97767	-17.7214	9.79457	4.86368	1.52964	0
-17.3918	9.79652	5.28851	0.28854	-0.296827	-17.3436	9.88109	-17.4777	9.86936	4.88856	1.46338	0.66247
-17.3918	9.79652	5.28851	0.28854	-0.296827	-17.1554	10.212	-17.2328	9.94087	4.91205	1.39818	0
-16.8928	10.0252	5.32034	0.303828	-0.235997	-16.8876	10.145	-16.9868	10.0091	4.93421	1.33408	1.09541
-16.8928	10.0252	5.32034	0.303828	-0.235997	-16.5958	10.1078	-16.7396	10.0743	4.95507	1.27113	0
-16.4309	10.2377	5.27168	0.317513	-0.185839	-16.5153	10.3091	-16.4915	10.1362	4.97469	1.20937	0.906963
-16.4309	10.2377	5.27168	0.317513	-0.185839	-16.09	10.5824	-16.2424	10.1952	4.99311	1.14883	0
-15.9463	10.3112	5.19696	0.258766	-0.240391	-16.006	10.1843	-15.9924	10.2511	5.01039	1.08956	1.40205
-15.9463	10.3112	5.19696	0.258766	-0.240391	-15.7234	10.41	-15.7416	10.3041	5.02655	1.03159	0
-15.4753	10.3393	5.092	0.190164	-0.301304	-15.5699	10.1904	-15.4899	10.3543	5.04166	0.974957	2.16798
-15.4753	10.3393	5.092	0.190164	-0.301304	-14.2385	10.9109	-15.2376	10.4016	5.05576	0.919692	0
-14.9643	10.445	5.11877	0.167382	-0.291105	-14.9365	10.4722	-14.9846	10.4462	5.06889	0.865828	0.101525
-14.9643	10.445	5.11877	0.167382	-0.291105	-14.724	9.63507	-14.7309	10.4882	5.0811	0.813394	0
-14.4366	10.397	5.11148	0.0707385	-0.383154	-14.4088	10.222	-14.4766	10.5276	5.09243	0.762418	2.40212
-14.4366	10.397	5.11148	0.0707385	-0.383154	-13.9005	10.5238	-14.2218	10.5645	5.10293	0.712926	0
-13.8992	10.6351	5.22346	0.141116	-0.233539	-13.8049	10.9383	-13.9665	10.5989	5.11263	0.664944	7.45574
-13.8992	10.6351	5.22346	0.141116	-0.233539	-13.3956	10.7857	-13.7107	10.631	5.12159	0.618496	0
-13.3716	10.6386	5.22629	0.0833964	-0.280376	-13.3556	10.5517	-13.4545	10.6608	5.12983	0.573603	0.600749
-13.3716	10.6386	5.22629	0.0833964	-0.280376	-12.9374	10.8137	-13.1979	10.6884	5.13741	0.530288	0
-12.8896	10.8179	5.18858	0.133274	-0.174553	-12.9591	11.0099	-12.9409	10.7138	5.14436	0.48857	3.19134
-12.8896	10.8179	5.18858	0.133274	-0.174553	-12.2518	11.2495	-12.6836	10.7373	5.15071	0.448467	0
-12.3705	10.7667	5.17394	0.0548358	-0.257525	-12.3713	10.6091	-12.426	10.7587	5.15651	0.409997	1.91238
-12.3705	10.7667	5.17394	0.0548358	-0.257525	-11.9352	10.9161	-12.1681	10.7783	5.16179	0.373177	0
-11.8857	10.9006	5.13683	0.0897458	-0.175345	-11.9451	11.0515	-11.91	10.7961	5.16658	0.338022	2.00275
-11.8857	10.9006	5.13683	0.0897458	-0.175345	-10.9703	10.9676	-11.6516	10.8121	5.17092	0.304546	0
-11.3995	10.9423	5.09258	0.0736223	-0.173592	-11.4548	10.9407	-11.393	10.8265	5.17484	0.272761	0.196071
-11.3995	10.9423	5.09258	0.0736223	-0.173592	-11.3472	10.5111	-11.1342	10.8394	5.17836	0.242681	0
-10.8002	10.8493	5.24246	-0.0145119	-0.26913	-10.6009	10.6823	-10.8753	10.8509	5.18153	0.214317	4.76145
-10.8002	10.8493	5.24246	-0.0145119	-0.26913	-10.6563	10.8369	-10.6161	10.8609	5.18435	0.187679	0
-10.3196	10.8524	5.1675	-0.0309668	-0.255463	-10.4142	10.8747	-10.3569	10.8697	5.18687	0.162776	0.614308
-10.3196	10.8524	5.1675	-0.0309668	-0.255463	-9.90413	11.2255	-10.0976	10.8772	5.1891	0.139618	0
-9.81439	10.9454	5.15248	0.00477479	-0.172291	-9.83445	11.1032	-9.83809	10.8837	5.19106	0.118212	1.94398
-9.81439	10.9454	5.15248	0.00477479	-0.172291	-10.195	10.3498	-9.57852	10.8891	5.19278	0.0985664	0
-9.30252	10.982	5.14921	0.00798625	-0.144537	-9.3066	11.0348	-9.31887	10.8936	5.19428	0.0806865	0.215247
-9.30252	10.982	5.14921	0.00798625	-0.144537	-9.2226	10.3527	-9.05915	10.8972	5.19557	0.0645787	0
-8.7891	11.0196	5.14915	0.0132711	-0.117726	-8.78899	11.0707	-8.79937	10.9001	5.19667	0.050248	0.200153
-8.7891	11.0196	5.14915	0.0132711	-0.117726	-8.83914	10.0319	-8.53953	10.9023	5.19759	0.0376992	0
-8.38043	10.8696	4.95764	-0.0795031	-0.228006	-8.62045	10.6577	-8.27965	10.9039	5.19835	0.0269359	7.12338
-8.38043	10.8696	4.95764	-0.0795031	-0.228006	-7.91543	11.1157	-8.01974	10.905	5.19896	0.0179617	0
-7.77514	10.8988	5.15912	-0.0613916	-0.171501	-7.51971	11.0005	-7.75979	10.9057	5.19942	0.0107791	4.9754
-7.77514	10.8988	5.15912	-0.0613916	-0.171501	-7.25987	10.6458	-7.49981	10.9061	5.19975	0.00539029	0
-7.22983	10.8432	5.21892	-0.0883723	-0.184524	-7.15631	10.815	-7.23983	10.9063	5.19994	0.00179692	0.404802
-7.22983	10.8432	5.21892	-0.0883723	-0.184524	-7.39396	11.0181	-6.97983	10.9064	5.2	-7.84874e-15	0
