px	py	v	yaw_angle	yaw_rate	px_measured	py_measured	px_true	py_true	vx_true	vy_true	NIS
0	0	0	0	0	0.312243	0.58034	0.6	0.6	5.19994	0	0
0.862916	0.534212	4.89281	0	0	0.862916	0.534212	0.859997	0.600045	5.19975	0.00179686	0
0.862916	0.534212	4.89281	0	0	1.17385	0.481073	1.11998	0.600225	5.19943	0.00538996	0
1.24437	0.49722	4.91423	-0.018406	-0.00206309	0.969149	0.397513	1.37996	0.600629	5.19898	0.0107781	1.41252
1.24437	0.49722	4.91423	-0.018406	-0.00206309	1.65063	0.62469	1.6399	0.601347	5.19839	0.0179597	0
1.7302	0.515405	5.05956	0.0211799	0.0481261	1.62331	0.499091	1.89982	0.60247	5.19766	0.0269323	2.34454
1.7302	0.515405	5.05956	0.0211799	0.0481261	2.18882	0.648739	2.1597	0.604086	5.19678	0.0376932	0
2.20216	0.573247	5.04434	0.0782226	0.118381	1.96701	0.557117	2.41954	0.606284	5.19573	0.0502389	1.84575
2.20216	0.573247	5.04434	0.0782226	0.118381	2.65526	0.66598	2.67932	0.609155	5.1945	0.0645654	0
2.74515	0.617055	5.11721	0.0846846	0.112026	2.92034	0.645898	2.93904	0.612786	5.19309	0.080668	0.737928
2.74515	0.617055	5.11721	0.0846846	0.112026	3.01222	0.637046	3.19869	0.617267	5.19147	0.0985415	0
3.30522	0.574825	5.18621	0.0162226	-0.0305028	3.56096	0.485311	3.45825	0.622685	5.18963	0.11818	3.40787
3.30522	0.574825	5.18621	0.0162226	-0.0305028	3.89365	0.311793	3.71772	0.62913	5.18754	0.139576	0
3.88379	0.617987	5.2866	0.0332518	0.00975359	4.19786	0.698311	3.97708	0.636689	5.18519	0.162724	2.17039
3.88379	0.617987	5.2866	0.0332518	0.00975359	4.30935	0.578564	4.23632	0.645449	5.18256	0.187614	0
4.42837	0.647149	5.26288	0.0375685	0.0133638	4.61908	0.68951	4.49542	0.655498	5.17962	0.214238	0.609654
4.42837	0.647149	5.26288	0.0375685	0.0133638	4.35143	0.899174	4.75437	0.666921	5.17634	0.242587	0
4.9616	0.652441	5.17011	0.0235312	-0.0159742	5.20901	0.66599	5.01315	0.679804	5.1727	0.272649	2.05978
4.9616	0.652441	5.17011	0.0235312	-0.0159742	5.51894	0.648233	5.27175	0.694234	5.16867	0.304413	0
5.4652	0.667393	5.2344	0.0284103	-0.00357928	5.22834	0.639362	5.53013	0.710295	5.16422	0.337868	1.39628
5.4652	0.667393	5.2344	0.0284103	-0.00357928	6.022	0.708619	5.78828	0.728072	5.15932	0.372999	0
5.97047	0.563405	5.15558	-0.0408674	-0.107758	5.89392	0.373584	6.04618	0.747647	5.15393	0.409793	2.63929
5.97047	0.563405	5.15558	-0.0408674	-0.107758	6.34249	0.948833	6.30379	0.769103	5.14803	0.448233	0
6.48545	0.639325	5.12557	0.00108203	-0.0344602	6.62134	0.836138	6.5611	0.792523	5.14157	0.488305	1.66554
6.48545	0.639325	5.12557	0.00108203	-0.0344602	6.78214	0.714036	6.81808	0.817988	5.13452	0.52999	0
7.00033	0.624508	5.02512	-0.0133008	-0.0514562	7.29121	0.630741	7.07469	0.845578	5.12685	0.573269	2.5972
7.00033	0.624508	5.02512	-0.0133008	-0.0514562	7.13735	0.957217	7.3309	0.875373	5.11851	0.618123	0
7.58352	0.674584	5.18442	0.0102433	-0.00973518	8.08349	0.819605	7.58668	0.907449	5.10946	0.664531	5.27619
7.58352	0.674584	5.18442	0.0102433	-0.00973518	7.80533	0.719126	7.84199	0.941886	5.09966	0.712469	0
8.1014	0.7345	5.08656	0.0333347	0.0188738	8.40453	0.884557	8.0968	0.978759	5.08907	0.761915	2.87472
8.1014	0.7345	5.08656	0.0333347	0.0188738	8.24796	0.840322	8.35106	1.01814	5.07766	0.812843	0
8.61465	0.966154	5.20111	0.136156	0.144519	8.45858	1.41118	8.60472	1.06011	5.06537	0.865226	6.90315
8.61465	0.966154	5.20111	0.136156	0.144519	8.74615	1.04858	8.85775	1.10473	5.05216	0.919037	0
9.20167	1.05324	5.26391	0.153387	0.147708	9.8809	1.1419	9.1101	1.15208	5.03798	0.974245	5.75472
9.20167	1.05324	5.26391	0.153387	0.147708	9.25579	1.04913	9.36172	1.20223	5.0228	1.03082	0
9.75268	1.23932	5.31031	0.210921	0.197637	10.1016	1.52474	9.61255	1.25524	5.00656	1.08873	2.71928
9.75268	1.23932	5.31031	0.210921	0.197637	10.0484	1.44598	9.86254	1.31118	4.98922	1.14794	0
10.2558	1.46847	5.21165	0.283605	0.264377	10.5377	1.72555	10.1117	1.37011	4.97074	1.20841	3.54083
10.2558	1.46847	5.21165	0.283605	0.264377	10.2492	1.45907	10.3598	1.4321	4.95106	1.2701	0
10.7261	1.66445	5.07691	0.338161	0.306965	10.9084	1.70343	10.6069	1.49721	4.93014	1.33298	2.89454
10.7261	1.66445	5.07691	0.338161	0.306965	10.7313	1.45265	10.853	1.56549	4.90794	1.39701	0
11.2526	1.71002	5.11769	0.309886	0.237328	11.4783	1.42876	11.0979	1.637	4.8844	1.46213	1.82386
11.2526	1.71002	5.11769	0.309886	0.237328	11.587	1.61462	11.3416	1.71179	4.85948	1.52832	0
11.711	1.78971	5.04357	0.305465	0.209692	11.4763	1.53917	11.584	1.78992	4.83313	1.59551	1.58462
11.711	1.78971	5.04357	0.305465	0.209692	11.7788	1.74591	11.8251	1.87144	4.80531	1.66366	0
12.1982	1.99781	5.13973	0.341354	0.219941	12.136	2.14937	12.0647	1.95639	4.77598	1.73273	1.12415
12.1982	1.99781	5.13973	0.341354	0.219941	12.3226	1.78353	12.3029	2.04482	4.74508	1.80265	0
12.6989	2.06097	5.18008	0.313055	0.159972	12.5457	1.77728	12.5394	2.13677	4.71257	1.87338	1.78401
12.6989	2.06097	5.18008	0.313055	0.159972	12.5924	2.17509	12.7743	2.23227	4.67842	1.94485	0
13.2006	2.3369	5.30654	0.365591	0.191679	13.2198	2.6644	13.0075	2.33137	4.64258	2.01701	1.95513
13.2006	2.3369	5.30654	0.365591	0.191679	13.0875	2.40708	13.2388	2.43409	4.605	2.08981	0
13.5274	2.76358	5.14155	0.497835	0.325473	12.7087	3.12439	13.4682	2.54047	4.56565	2.16317	12.1832
13.5274	2.76358	5.14155	0.497835	0.325473	13.836	2.62479	13.6955	2.65053	4.52448	2.23703	0
13.9639	2.95228	5.09946	0.510881	0.308717	13.8302	2.73893	13.9208	2.7643	4.48147	2.31134	0.650758
13.9639	2.95228	5.09946	0.510881	0.308717	14.2106	2.94205	14.1439	2.88179	4.43656	2.38601	0
14.4643	3.08568	5.16518	0.479614	0.230976	14.5568	2.87021	14.3646	3.00303	4.38974	2.46099	1.75268
14.4643	3.08568	5.16518	0.479614	0.230976	14.4616	2.90734	14.583	3.12802	4.34097	2.5362	0
14.8864	3.48749	5.26984	0.553022	0.270759	14.6754	3.96041	14.7989	3.25679	4.29021	2.61157	2.17461
14.8864	3.48749	5.26984	0.553022	0.270759	15.0261	3.5067	15.0122	3.38932	4.23744	2.68703	0
15.2942	3.88056	5.2536	0.629815	0.33026	15.3685	4.14761	15.2228	3.52563	4.18263	2.76249	1.14783
15.2942	3.88056	5.2536	0.629815	0.33026	15.5236	3.82936	15.4306	3.66572	4.12575	2.83789	0
15.7427	4.01084	5.16488	0.60316	0.278338	15.7234	3.4105	15.6355	3.80957	4.06678	2.91315	2.20534
15.7427	4.01084	5.16488	0.60316	0.278338	15.9774	4.00094	15.8375	3.95719	4.00571	2.98817	0
16.1513	4.30178	5.08376	0.64365	0.308485	16.3376	4.21632	16.0363	4.10854	3.94251	3.0629	1.48179
16.1513	4.30178	5.08376	0.64365	0.308485	16.3313	4.44499	16.2319	4.26363	3.87716	3.13723	0
16.5836	4.56816	5.08935	0.654115	0.286519	16.7586	4.48231	16.4242	4.42242	3.80966	3.21109	0.381403
16.5836	4.56816	5.08935	0.654115	0.286519	16.6039	4.67344	16.613	4.5849	3.74	3.28438	0
16.9007	4.98032	4.9721	0.751371	0.38756	16.9236	5.10119	16.7983	4.75103	3.66817	3.35704	4.32348
16.9007	4.98032	4.9721	0.751371	0.38756	16.9955	5.21099	16.9799	4.92077	3.59416	3.42897	0
17.2798	5.18806	4.87737	0.755813	0.368379	17.3421	4.64623	17.1579	5.09409	3.51797	3.50008	1.49881
17.2798	5.18806	4.87737	0.755813	0.368379	17.2894	5.43542	17.3319	5.27094	3.4396	3.57028	0
17.6404	5.37978	4.75131	0.762191	0.358841	17.6463	4.74597	17.5019	5.45128	3.35907	3.63949	2.29348
17.6404	5.37978	4.75131	0.762191	0.358841	17.7853	5.62476	17.6679	5.63506	3.27637	3.70762	0
17.9283	5.80701	4.74277	0.843608	0.415171	17.9216	6.07151	17.8297	5.82221	3.19151	3.77458	1.01552
17.9283	5.80701	4.74277	0.843608	0.415171	18.1263	6.16985	17.9872	6.01269	3.10453	3.84027	0
18.2069	6.28611	4.82639	0.913569	0.429832	18.1245	6.79027	18.1402	6.20641	3.01542	3.90462	1.10956
18.2069	6.28611	4.82639	0.913569	0.429832	18.2164	6.66138	18.2888	6.40332	2.92421	3.96753	0
18.4623	6.74894	4.86305	0.981746	0.452309	18.4022	7.02231	18.4328	6.60333	2.83093	4.0289	0.311786
18.4623	6.74894	4.86305	0.981746	0.452309	18.5422	6.76013	18.572	6.80638	2.7356	4.08867	0
18.7617	7.13526	4.89405	0.994901	0.401414	18.8089	7.24388	18.7064	7.01237	2.63825	4.14672	0.746954
18.7617	7.13526	4.89405	0.994901	0.401414	19.1441	7.18344	18.8359	7.22122	2.53893	4.20299	0
18.9345	7.57329	4.84368	1.07512	0.459511	18.5479	7.4012	18.9604	7.43283	2.43767	4.25737	3.05602
18.9345	7.57329	4.84368	1.07512	0.459511	19.0138	7.8688	19.0798	7.64712	2.3345	4.3098	0
19.203	7.92174	4.81328	1.08475	0.4182	19.3089	7.67375	19.1939	7.86397	2.22949	4.36017	0.479446
19.203	7.92174	4.81328	1.08475	0.4182	19.132	8.12845	19.3028	8.08329	2.12266	4.40842	0
19.398	8.32579	4.80632	1.11416	0.392387	19.0239	8.17194	19.4062	8.30497	2.01409	4.45445	2.26367
19.398	8.32579	4.80632	1.11416	0.392387	19.347	8.30741	19.5042	8.5289	1.90381	4.49819	0
19.6061	8.70024	4.74375	1.15267	0.40909	19.6843	8.35902	19.5966	8.75494	1.7919	4.53956	0.603672
19.6061	8.70024	4.74375	1.15267	0.40909	20.0039	8.8906	19.6835	8.983	1.67841	4.57848	0
19.7353	9.21216	4.77516	1.22673	0.447852	19.6061	9.48659	19.7645	9.21294	1.56341	4.61488	0.519816
19.7353	9.21216	4.77516	1.22673	0.447852	20.1574	9.45949	19.8398	9.44463	1.44697	4.64869	0
19.819	9.71239	4.78239	1.30907	0.499235	19.6163	9.76606	19.9093	9.67795	1.32916	4.67984	0.88403
19.819	9.71239	4.78239	1.30907	0.499235	20.1573	9.90876	19.9728	9.91275	1.21005	4.70826	0
19.8499	10.3857	4.9584	1.37233	0.457954	19.1911	11.5493	20.0303	10.1489	1.08972	4.73389	5.76198
19.8499	10.3857	4.9584	1.37233	0.457954	20.166	10.4687	20.0818	10.3863	0.968259	4.75666	0
19.8823	10.8877	4.95581	1.44473	0.49685	19.6775	10.803	20.1271	10.6247	0.845742	4.77652	0.907847
19.8823	10.8877	4.95581	1.44473	0.49685	20.371	11.0109	20.1663	10.864	0.722256	4.7934	0
19.8781	11.5188	5.07278	1.49786	0.461767	19.4335	12.3402	20.1993	11.1041	0.597892	4.80727	2.67158
19.8781	11.5188	5.07278	1.49786	0.461767	20.3164	11.3483	20.2261	11.3449	0.472738	4.81807	0
19.7435	12.114	5.12278	1.62346	0.574731	19.2063	12.2418	20.2466	11.5861	0.346889	4.82575	4.9809
19.7435	12.114	5.12278	1.62346	0.574731	20.6141	11.9422	20.2608	11.8275	0.220439	4.83027	0
19.8469	12.4737	4.99167	1.59279	0.442592	19.966	11.9688	20.2687	12.0692	0.093487	4.83159	4.65156
19.8469	12.4737	4.99167	1.59279	0.442592	20.3263	12.4966	20.2701	12.3108	-0.0338694	4.82968	0
19.8187	12.9021	4.91635	1.66429	0.515403	20.0192	12.4823	20.2652	12.5522	-0.161529	4.82451	2.15021
19.8187	12.9021	4.91635	1.66429	0.515403	20.498	12.8924	20.254	12.7933	-0.28939	4.81605	0
19.931	13.2049	4.75568	1.67689	0.502306	20.9151	12.2555	20.2363	13.0339	-0.417348	4.80428	5.37131
19.931	13.2049	4.75568	1.67689	0.502306	20.1943	13.1688	20.2122	13.2738	-0.545298	4.78918	0
19.8782	13.6571	4.7427	1.71874	0.486732	19.858	13.5236	20.1818	13.5129	-0.673135	4.77072	0.199315
19.8782	13.6571	4.7427	1.71874	0.486732	20.3245	13.8896	20.1449	13.7509	-0.800753	4.74892	0
19.8621	14.0286	4.65331	1.76572	0.512777	20.3387	13.5307	20.1017	13.9878	-0.928043	4.72374	1.42751
19.8621	14.0286	4.65331	1.76572	0.512777	20.1216	14.337	20.0521	14.2233	-1.0549	4.69521	0
19.7495	14.4753	4.64907	1.81936	0.515074	19.6717	14.4038	19.9962	14.4573	-1.18121	4.66331	0.141063
19.7495	14.4753	4.64907	1.81936	0.515074	19.781	14.773	19.934	14.6897	-1.30687	4.62805	0
19.7188	14.7937	4.5293	1.84493	0.489742	20.1149	14.0165	19.8655	14.9202	-1.43177	4.58944	1.94991
19.7188	14.7937	4.5293	1.84493	0.489742	20.0208	15.2053	19.7908	15.1486	-1.55581	4.54751	0
19.5547	15.2113	4.5115	1.96424	0.650856	20.0157	15.3443	19.7099	15.3749	-1.67887	4.50226	9.98844
19.5547	15.2113	4.5115	1.96424	0.650856	19.9131	15.554	19.6229	15.5989	-1.80085	4.45372	0
19.4684	15.5346	4.41532	2.00196	0.620541	19.9388	15.0864	19.5298	15.8203	-1.92164	4.40193	1.17261
19.4684	15.5346	4.41532	2.00196	0.620541	19.4748	16.0098	19.4307	16.039	-2.04114	4.3469	0
19.2876	15.9408	4.4127	2.03741	0.562761	19.1556	16.0022	19.3257	16.2549	-2.15925	4.28868	1.00021
19.2876	15.9408	4.4127	2.03741	0.562761	19.238	16.2719	19.2148	16.4679	-2.27586	4.22731	0
19.1111	16.3123	4.39305	2.09382	0.574669	19.4007	16.2962	19.0981	16.6777	-2.39087	4.16284	0.66585
19.1111	16.3123	4.39305	2.09382	0.574669	19.0029	16.8387	18.9757	16.8841	-2.50418	4.0953	0
18.7994	16.7921	4.51656	2.20353	0.682218	18.8373	17.7112	18.8477	17.0872	-2.61571	4.02476	9.3643
18.7994	16.7921	4.51656	2.20353	0.682218	18.6148	17.3832	18.7142	17.2866	-2.72534	3.95127	0
18.6432	17.1237	4.41159	2.19604	0.539332	18.8177	17.0316	18.5752	17.4822	-2.83299	3.87489	5.37903
18.6432	17.1237	4.41159	2.19604	0.539332	18.1023	17.5529	18.4309	17.674	-2.93858	3.79568	0
18.3827	17.4901	4.41617	2.22752	0.488184	18.2749	17.4877	18.2814	17.8617	-3.042	3.71372	0.838443
18.3827	17.4901	4.41617	2.22752	0.488184	18.2094	18.0461	18.1268	18.0453	-3.14318	3.62906	0
18.1142	17.7691	4.37054	2.3058	0.555725	18.3021	17.498	17.9671	18.2246	-3.24204	3.5418	1.48714
18.1142	17.7691	4.37054	2.3058	0.555725	17.9018	18.2183	17.8026	18.3994	-3.3385	3.45199	0
17.947	18.0667	4.29936	2.33294	0.529276	18.8558	18.1364	17.6334	18.5697	-3.43247	3.35973	6.74412
17.947	18.0667	4.29936	2.33294	0.529276	17.3845	18.7039	17.4595	18.7353	-3.5239	3.26509	0
17.6553	18.323	4.26746	2.4018	0.564904	17.7945	18.0801	17.281	18.8962	-3.61271	3.16817	0.557097
17.6553	18.323	4.26746	2.4018	0.564904	17.1762	18.8863	17.0983	19.0521	-3.69883	3.06904	0
17.269	18.7425	4.38911	2.44419	0.538819	16.9398	19.7311	16.9113	19.203	-3.78221	2.9678	4.97731
17.269	18.7425	4.38911	2.44419	0.538819	16.5734	19.052	16.7201	19.3488	-3.86278	2.86455	0
16.7968	19.1655	4.55975	2.50861	0.55889	16.1674	20.2201	16.5251	19.4894	-3.9405	2.75938	4.83361
16.7968	19.1655	4.55975	2.50861	0.55889	16.2338	19.6171	16.3262	19.6246	-4.01531	2.65237	0
16.4434	19.2731	4.4642	2.59994	0.616441	16.4366	18.2742	16.1237	19.7545	-4.08716	2.54364	8.5795
16.4434	19.2731	4.4642	2.59994	0.616441	15.9243	19.8703	15.9176	19.8789	-4.15602	2.43329	0
16.12	19.4715	4.37918	2.62597	0.539868	16.2328	19.2166	15.7082	19.9978	-4.22185	2.32141	2.14825
16.12	19.4715	4.37918	2.62597	0.539868	15.4332	20.1836	15.4956	20.111	-4.28461	2.2081	0
15.5352	19.9138	4.62262	2.65856	0.497382	14.3677	21.3406	15.2799	20.2185	-4.34427	2.09347	9.29249
15.5352	19.9138	4.62262	2.65856	0.497382	15.2016	20.4385	15.0613	20.3203	-4.4008	1.97763	0
15.0781	20.1025	4.64205	2.72053	0.511881	14.7476	19.9571	14.84	20.4162	-4.4542	1.86068	1.33423
15.0781	20.1025	4.64205	2.72053	0.511881	14.6665	20.6088	14.6161	20.5063	-4.50443	1.74272	0
14.5234	20.3784	4.77997	2.77769	0.526236	13.841	21.0031	14.3897	20.5904	-4.55149	1.62386	2.0671
14.5234	20.3784	4.77997	2.77769	0.526236	14.0521	20.5924	14.1611	20.6686	-4.59537	1.50421	0
14.0265	20.571	4.83551	2.83806	0.546661	13.8232	20.859	13.9304	20.7408	-4.63606	1.38386	0.565512
14.0265	20.571	4.83551	2.83806	0.546661	13.4686	20.7253	13.6977	20.807	-4.67357	1.26294	0
13.5915	20.6343	4.8107	2.92769	0.620024	13.8263	20.4261	13.4632	20.8671	-4.70789	1.14153	1.6609
13.5915	20.6343	4.8107	2.92769	0.620024	13.1072	20.8294	13.2271	20.9211	-4.73904	1.01975	0
13.1272	20.7728	4.8203	2.97612	0.604354	13.2669	21.1579	12.9895	20.969	-4.76702	0.897694	2.01117
13.1272	20.7728	4.8203	2.97612	0.604354	12.8729	21.0592	12.7506	21.0108	-4.79186	0.775469	0
12.4745	20.9667	4.99743	3.02436	0.589476	11.5171	21.6724	12.5106	21.0465	-4.81358	0.653175	3.3241
12.4745	20.9667	4.99743	3.02436	0.589476	12.2062	21.11	12.2695	21.0761	-4.83219	0.530912	0
12.0265	21.0093	4.96348	3.08355	0.596734	12.3859	21.1066	12.0276	21.0996	-4.84773	0.408778	0.999743
12.0265	21.0093	4.96348	3.08355	0.596734	11.6814	20.8651	11.785	21.117	-4.86022	0.286869	0
11.5435	20.9813	4.94216	3.15225	0.605337	11.5265	20.6748	11.5418	21.1283	-4.86971	0.165281	1.00173
11.5435	20.9813	4.94216	3.15225	0.605337	11.363	21.0688	11.2982	21.1335	-4.87623	0.0441057	0
10.9954	20.9291	4.9756	3.22075	0.607767	10.5558	20.5567	11.0544	21.1327	-4.87982	-0.076565	3.61373
10.9954	20.9291	4.9756	3.22075	0.607767	10.8903	20.927	10.8105	21.1259	-4.88053	-0.196643	0
10.319	21.0051	5.10217	3.23218	0.51731	9.30535	21.3896	10.5666	21.1131	-4.8784	-0.31604	4.73085
10.319	21.0051	5.10217	3.23218	0.51731	10.189	21.209	10.3229	21.0943	-4.87349	-0.434674	0
9.81957	20.9894	5.10102	3.27121	0.502092	9.97958	21.2932	10.0795	21.0697	-4.86585	-0.552463	1.46892
9.81957	20.9894	5.10102	3.27121	0.502092	9.99634	20.9797	9.83658	21.0391	-4.85554	-0.669327	0
9.3038	20.9784	5.08546	3.27897	0.42115	9.38223	21.111	9.59422	21.0028	-4.84262	-0.785189	2.10836
9.3038	20.9784	5.08546	3.27897	0.42115	9.53921	20.8762	9.35258	20.9607	-4.82714	-0.899977	0
8.9257	20.8776	4.98562	3.33185	0.440337	9.63392	20.9724	9.11177	20.9128	-4.80919	-1.01362	2.6714
8.9257	20.8776	4.98562	3.33185	0.440337	8.70331	20.8221	8.87192	20.8594	-4.78881	-1.12605	0
8.69116	20.6453	4.76687	3.41061	0.474922	9.84634	20.009	8.63315	20.8003	-4.76608	-1.2372	4.88177
8.69116	20.6453	4.76687	3.41061	0.474922	8.22277	20.4839	8.39557	20.7358	-4.74108	-1.34701	0
8.24184	20.496	4.77935	3.4689	0.497576	8.29647	20.4978	8.1593	20.6657	-4.71387	-1.45542	0.20188
8.24184	20.496	4.77935	3.4689	0.497576	7.88599	20.45	7.92445	20.5903	-4.68453	-1.56237	0
7.85904	20.3329	4.76258	3.53732	0.54201	8.29081	20.6565	7.69111	20.5096	-4.65313	-1.66781	3.45232
7.85904	20.3329	4.76258	3.53732	0.54201	7.18029	20.392	7.45939	20.4237	-4.61975	-1.7717	0
7.37057	20.1521	4.79759	3.58166	0.526319	7.09214	20.1196	7.22939	20.3326	-4.58448	-1.87399	0.429328
7.37057	20.1521	4.79759	3.58166	0.526319	6.81542	20.1859	7.00119	20.2364	-4.54738	-1.97462	0
6.92643	19.9726	4.79113	3.61805	0.501242	6.89359	20.1536	6.7749	20.1352	-4.50854	-2.07357	0.497827
6.92643	19.9726	4.79113	3.61805	0.501242	6.38914	20.0137	6.55059	20.0292	-4.46805	-2.17079	0
6.51853	19.7921	4.77279	3.65632	0.489562	6.67637	20.2142	6.32834	19.9183	-4.42598	-2.26625	2.47767
6.51853	19.7921	4.77279	3.65632	0.489562	5.86119	19.8306	6.10823	19.8027	-4.38241	-2.35993	0
5.96548	19.5506	4.92605	3.70478	0.508923	5.28178	19.5036	5.89034	19.6824	-4.33744	-2.45178	2.55992
5.96548	19.5506	4.92605	3.70478	0.508923	5.69089	19.5755	5.67472	19.5577	-4.29114	-2.5418	0
5.64311	19.237	4.85674	3.77365	0.521674	5.9506	18.9859	5.46145	19.4284	-4.24359	-2.62995	0.7636
5.64311	19.237	4.85674	3.77365	0.521674	5.17021	19.4397	5.25059	19.2948	-4.19488	-2.71622	0
5.35626	18.9922	4.70572	3.80727	0.477284	5.87397	19.301	5.04219	19.157	-4.1451	-2.80059	4.28096
5.35626	18.9922	4.70572	3.80727	0.477284	4.89149	18.982	4.8363	19.015	-4.09432	-2.88305	0
4.78117	18.7557	4.88767	3.81828	0.457232	3.98679	19.0452	4.63297	18.8689	-4.04263	-2.96359	2.89692
4.78117	18.7557	4.88767	3.81828	0.457232	4.4685	18.834	4.43224	18.7188	-3.99012	-3.0422	0
4.44292	18.4652	4.81045	3.84657	0.417473	4.69245	18.4634	4.23416	18.5648	-3.93685	-3.11888	1.02211
4.44292	18.4652	4.81045	3.84657	0.417473	4.26269	18.481	4.03876	18.4071	-3.88293	-3.19362	0
3.95827	18.1876	4.98934	3.89412	0.473354	3.42434	18.8357	3.84606	18.2457	-3.82841	-3.26644	7.88573
3.95827	18.1876	4.98934	3.89412	0.473354	3.45919	18.167	3.65611	18.0807	-3.77339	-3.33732	0
3.72101	17.8642	4.8269	3.93452	0.435595	4.3011	17.9267	3.46891	17.9122	-3.71795	-3.40627	2.97127
3.72101	17.8642	4.8269	3.93452	0.435595	3.12525	17.7493	3.28449	17.7402	-3.66215	-3.47331	0
3.22777	17.5511	4.99686	3.95789	0.445414	2.65664	17.888	3.10287	17.565	-3.60609	-3.53844	3.21063
3.22777	17.5511	4.99686	3.95789	0.445414	2.9449	17.8154	2.92405	17.3866	-3.54982	-3.60167	0
3.00764	17.1323	4.97728	4.05276	0.511982	3.26647	17.0897	2.74805	17.2051	-3.49344	-3.66302	1.28146
3.00764	17.1323	4.97728	4.05276	0.511982	2.55407	17.0853	2.57486	17.0205	-3.437	-3.72251	0
2.66395	16.7959	4.87717	4.05769	0.435581	2.55039	16.8884	2.4045	16.833	-3.38059	-3.78014	3.15958
2.66395	16.7959	4.87717	4.05769	0.435581	2.25371	16.8334	2.23695	16.6427	-3.32428	-3.83595	0
2.17319	16.4219	4.95884	4.0364	0.356153	1.57735	16.0489	2.07221	16.4497	-3.26812	-3.88995	4.99093
2.17319	16.4219	4.95884	4.0364	0.356153	1.88972	16.1054	1.91027	16.254	-3.21219	-3.94216	0
1.80436	16.0794	4.9521	4.03504	0.308392	1.74362	16.2687	1.75112	16.0557	-3.15656	-3.99261	0.87818
1.80436	16.0794	4.9521	4.03504	0.308392	1.44745	16.0853	1.59474	15.8549	-3.10129	-4.04132	0
1.58553	15.6356	4.97839	4.1228	0.390149	1.6097	15.5526	1.44111	15.6517	-3.04644	-4.08832	1.7169
1.58553	15.6356	4.97839	4.1228	0.390149	1.18395	15.4284	1.29021	15.4463	-2.99207	-4.13364	0
1.17869	15.269	5.03436	4.11575	0.346361	0.828993	15.528	1.14201	15.2386	-2.93825	-4.1773	1.68133
1.17869	15.269	5.03436	4.11575	0.346361	0.722706	15.0075	0.996486	15.0288	-2.88503	-4.21933	0
0.896154	14.907	4.96129	4.12256	0.300947	1.03147	15.2134	0.853604	14.8169	-2.83246	-4.25977	2.07586
0.896154	14.907	4.96129	4.12256	0.300947	0.737301	14.7047	0.71333	14.603	-2.78061	-4.29864	0
0.695469	14.4376	5.00051	4.20028	0.368823	0.722177	14.2445	0.575628	14.3872	-2.72952	-4.33598	1.74926
0.695469	14.4376	5.00051	4.20028	0.368823	0.253435	14.2029	0.440459	14.1696	-2.67925	-4.37181	0
0.350066	13.9656	5.19365	4.23844	0.405544	-0.0328023	13.9604	0.307779	13.9502	-2.62984	-4.40617	3.44287
0.350066	13.9656	5.19365	4.23844	0.405544	0.459172	13.6856	0.177545	13.7292	-2.58135	-4.43909	0
0.117885	13.4943	5.25258	4.29264	0.436935	0.0524412	13.6377	0.0497099	13.5065	-2.53381	-4.47061	0.938105
0.117885	13.4943	5.25258	4.29264	0.436935	-0.190344	13.2856	-0.0757753	13.2823	-2.48728	-4.50075	0
-0.159873	13.0507	5.21158	4.29551	0.38004	-0.275043	13.1456	-0.198962	13.0566	-2.44179	-4.52955	1.31452
-0.159873	13.0507	5.21158	4.29551	0.38004	0.0462308	12.9301	-0.319903	12.8295	-2.39739	-4.55704	0
-0.490186	12.5814	5.21838	4.27547	0.302092	-0.684792	12.3563	-0.438654	12.6011	-2.35412	-4.58326	2.28328
-0.490186	12.5814	5.21838	4.27547	0.302092	-0.476482	12.3633	-0.555273	12.3714	-2.31202	-4.60823	0
-0.804207	12.1573	5.22657	4.26169	0.253163	-0.972122	12.5207	-0.669818	12.1404	-2.27111	-4.63198	2.18403
-0.804207	12.1573	5.22657	4.26169	0.253163	-0.582624	12.0386	-0.78235	11.9083	-2.23144	-4.65456	0
-1.10421	11.6849	5.27404	4.26184	0.228592	-1.26757	11.6495	-0.892931	11.6751	-2.19304	-4.67598	0.343126
-1.10421	11.6849	5.27404	4.26184	0.228592	-1.17212	11.3988	-1.00163	11.4409	-2.15594	-4.69628	0
-1.24549	11.2146	5.15645	4.28457	0.195826	-0.891441	10.959	-1.1085	11.2057	-2.12017	-4.71549	3.35428
-1.24549	11.2146	5.15645	4.28457	0.195826	-1.39289	11.0424	-1.21362	10.9695	-2.08575	-4.73364	0
-1.37185	10.7414	5.15359	4.34792	0.259769	-1.29894	10.9012	-1.31706	10.7324	-2.05273	-4.75075	1.38726
-1.37185	10.7414	5.15359	4.34792	0.259769	-1.49687	10.4198	-1.41889	10.4945	-2.02111	-4.76686	0
-1.55389	10.2222	5.22072	4.38617	0.284969	-1.59293	10.0212	-1.51917	10.2559	-1.99093	-4.78198	0.947558
-1.55389	10.2222	5.22072	4.38617	0.284969	-1.61875	10.2374	-1.61797	10.0165	-1.96221	-4.79615	0
-1.68978	9.76914	5.12742	4.40687	0.260902	-1.59702	9.96554	-1.71539	9.77637	-1.93498	-4.80939	1.18317
-1.68978	9.76914	5.12742	4.40687	0.260902	-1.73381	9.71347	-1.81147	9.53564	-1.90924	-4.82172	0
-1.96038	9.26695	5.24402	4.40079	0.239869	-2.27191	9.37316	-1.90631	9.29431	-1.88502	-4.83316	1.86199
-1.96038	9.26695	5.24402	4.40079	0.239869	-1.93833	8.77028	-1.99998	9.05243	-1.86233	-4.84374	0
-2.08252	8.82599	5.1303	4.41622	0.211485	-1.96565	9.13274	-2.09256	8.81003	-1.8412	-4.85347	2.17464
-2.08252	8.82599	5.1303	4.41622	0.211485	-2.1768	8.5411	-2.18412	8.56717	-1.82164	-4.86238	0
-2.37638	8.30128	5.25626	4.3881	0.16246	-2.65862	8.19477	-2.27474	8.32388	-1.80365	-4.87047	2.04635
-2.37638	8.30128	5.25626	4.3881	0.16246	-2.21875	8.15339	-2.3645	8.0802	-1.78726	-4.87778	0
-2.43216	7.89999	5.08782	4.42949	0.179981	-2.273	8.52315	-2.45348	7.83617	-1.77248	-4.8843	6.09812
-2.43216	7.89999	5.08782	4.42949	0.179981	-2.59674	7.60288	-2.54177	7.59184	-1.75931	-4.89006	0
-2.76869	7.39899	5.17462	4.35875	0.0635533	-3.08256	7.38874	-2.62944	7.34723	-1.74777	-4.89507	4.55762
-2.76869	7.39899	5.17462	4.35875	0.0635533	-2.79865	7.064	-2.71658	7.10238	-1.73786	-4.89933	0
-2.8532	6.95332	5.0932	4.40746	0.122252	-2.79412	7.20818	-2.80326	6.85734	-1.72958	-4.90286	1.63217
-2.8532	6.95332	5.0932	4.40746	0.122252	-2.74651	6.86867	-2.88957	6.61214	-1.72295	-4.90566	0
-2.92964	6.50834	4.93728	4.41492	0.0779075	-2.57673	6.36755	-2.97559	6.36681	-1.71797	-4.90774	4.51733
-2.92964	6.50834	4.93728	4.41492	0.0779075	-2.90217	6.22989	-3.0614	6.12139	-1.71464	-4.90911	0
-3.17284	6.00677	5.06466	4.39909	0.0671083	-3.50172	6.10796	-3.14709	5.87592	-1.71297	-4.90976	2.70331
-3.17284	6.00677	5.06466	4.39909	0.0671083	-3.1778	5.53101	-3.23274	5.63043	-1.71295	-4.9097	0
-3.36065	5.49488	5.0903	4.37691	0.0102391	-3.19736	5.19093	-3.31843	5.38496	-1.71458	-4.90893	2.22306
-3.36065	5.49488	5.0903	4.37691	0.0102391	-3.43031	5.10507	-3.40424	5.13955	-1.71787	-4.90745	0
-3.48934	5.00966	5.07664	4.4024	0.0512783	-3.4281	4.94644	-3.49026	4.89422	-1.72281	-4.90525	0.455163
-3.48934	5.00966	5.07664	4.4024	0.0512783	-3.69435	4.52196	-3.57657	4.64902	-1.72939	-4.90233	0
-3.69027	4.48373	5.13433	4.37121	-0.020255	-3.50501	4.17643	-3.66325	4.40398	-1.73763	-4.89868	2.97421
-3.69027	4.48373	5.13433	4.37121	-0.020255	-4.00238	4.04684	-3.75039	4.15913	-1.74749	-4.8943	0
-3.8765	3.99906	5.15925	4.37568	0.00271573	-4.06447	4.10977	-3.83806	3.91452	-1.75899	-4.88918	0.817605
-3.8765	3.99906	5.15925	4.37568	0.00271573	-3.88053	3.75177	-3.92635	3.67019	-1.77212	-4.8833	0
-4.07486	3.57907	5.09178	4.34516	-0.0582999	-4.23729	3.88878	-4.01533	3.42616	-1.78686	-4.87666	2.8677
-4.07486	3.57907	5.09178	4.34516	-0.0582999	-4.15119	3.21968	-4.10509	3.18248	-1.8032	-4.86925	0
-4.30089	3.04866	5.20397	4.32127	-0.0919453	-4.27467	2.88187	-4.19571	2.93919	-1.82113	-4.86104	1.48921
-4.30089	3.04866	5.20397	4.32127	-0.0919453	-4.32451	2.55034	-4.28727	2.69633	-1.84065	-4.85202	0
-4.48441	2.53319	5.23517	4.32881	-0.0591505	-4.38481	2.39989	-4.37985	2.45393	-1.86173	-4.84218	0.765278
-4.48441	2.53319	5.23517	4.32881	-0.0591505	-4.61223	2.09192	-4.47352	2.21205	-1.88436	-4.83149	0
-4.68279	2.04315	5.2499	4.29436	-0.136059	-4.29257	1.92854	-4.56836	1.97072	-1.90853	-4.81994	3.67484
-4.68279	2.04315	5.2499	4.29436	-0.136059	-4.86829	1.53442	-4.66444	1.72998	-1.93422	-4.80751	0
-4.92494	1.52199	5.34871	4.27231	-0.156528	-4.98165	1.43611	-4.76186	1.48989	-1.9614	-4.79417	0.924605
-4.92494	1.52199	5.34871	4.27231	-0.156528	-4.66779	1.28643	-4.86066	1.25049	-1.99007	-4.7799	0
-5.12235	1.06871	5.25734	4.27	-0.126141	-4.98594	1.10894	-4.96095	1.01182	-2.02019	-4.76468	1.01545
-5.12235	1.06871	5.25734	4.27	-0.126141	-4.85498	0.825661	-5.06277	0.77393	-2.05174	-4.74848	0
-5.29521	0.466063	5.40973	4.29442	-0.0762223	-4.84736	0.18101	-5.16621	0.536876	-2.08471	-4.73127	6.8888
-5.29521	0.466063	5.40973	4.29442	-0.0762223	-5.1231	0.257311	-5.27133	0.300706	-2.11906	-4.71303	0
-5.52897	-0.00877963	5.35161	4.30638	-0.0126918	-5.99809	-0.290765	-5.3782	0.0654719	-2.15477	-4.69374	5.31323
-5.52897	-0.00877963	5.35161	4.30638	-0.0126918	-5.29972	-0.212982	-5.4869	-0.168772	-2.1918	-4.67335	0
-5.75659	-0.373945	5.17267	4.27025	-0.0627801	-5.64447	-0.144522	-5.59748	-0.401971	-2.23014	-4.65185	2.84095
-5.75659	-0.373945	5.17267	4.27025	-0.0627801	-5.85359	-0.445801	-5.71001	-0.634069	-2.26974	-4.62919	0
-5.94758	-0.84129	5.20316	4.24655	-0.120654	-5.30947	-0.724468	-5.82456	-0.865006	-2.31058	-4.60536	6.60592
-5.94758	-0.84129	5.20316	4.24655	-0.120654	-5.87835	-1.26863	-5.94118	-1.09472	-2.35262	-4.58032	0
-6.10899	-1.40442	5.29706	4.27582	-0.0680753	-5.68069	-1.52871	-6.05993	-1.32316	-2.39581	-4.55404	4.13634
-6.10899	-1.40442	5.29706	4.27582	-0.0680753	-6.27263	-1.50938	-6.18087	-1.55025	-2.44014	-4.52648	0
-6.35966	-1.87321	5.38027	4.23205	-0.155773	-6.11355	-1.75966	-6.30406	-1.77593	-2.48555	-4.49762	4.1333
-6.35966	-1.87321	5.38027	4.23205	-0.155773	-6.34007	-2.13685	-6.42954	-2.00014	-2.532	-4.46742	0
-6.6616	-2.27693	5.28985	4.19149	-0.178937	-6.99344	-2.17445	-6.55738	-2.22281	-2.57946	-4.43585	2.3646
-6.6616	-2.27693	5.28985	4.19149	-0.178937	-6.79288	-2.4458	-6.68761	-2.44386	-2.62788	-4.40288	0
-6.9629	-2.70549	5.28002	4.15617	-0.203077	-7.14408	-2.67584	-6.82029	-2.66323	-2.6772	-4.36847	0.575657
-6.9629	-2.70549	5.28002	4.15617	-0.203077	-6.8003	-3.10086	-6.95546	-2.88084	-2.7274	-4.3326	0
-7.21234	-3.16974	5.25241	4.15612	-0.167888	-7.13937	-3.22028	-7.09316	-3.09663	-2.7784	-4.29523	0.554793
-7.21234	-3.16974	5.25241	4.15612	-0.167888	-7.12118	-3.26434	-7.23344	-3.3105	-2.83017	-4.25632	0
-7.48937	-3.69853	5.33462	4.17024	-0.12311	-7.77186	-4.08999	-7.37632	-3.5224	-2.88265	-4.21586	3.24503
-7.48937	-3.69853	5.33462	4.17024	-0.12311	-7.49009	-3.49081	-7.52184	-3.73223	-2.93579	-4.1738	0
-7.75876	-4.10985	5.29522	4.14386	-0.144409	-7.52393	-3.88213	-7.67004	-3.93992	-2.98953	-4.13012	1.39668
-7.75876	-4.10985	5.29522	4.14386	-0.144409	-7.88049	-4.29783	-7.82094	-4.14538	-3.04381	-4.08479	0
-8.04598	-4.55448	5.28757	4.1313	-0.139927	-8.08524	-4.57834	-7.97457	-4.34854	-3.09857	-4.03778	0.0419888
-8.04598	-4.55448	5.28757	4.1313	-0.139927	-8.22492	-4.79812	-8.13095	-4.5493	-3.15376	-3.98906	0
-8.329	-4.96543	5.17078	4.1243	-0.113125	-8.453	-4.95621	-8.2901	-4.74759	-3.2093	-3.93862	1.84347
-8.329	-4.96543	5.17078	4.1243	-0.113125	-8.33552	-5.1059	-8.45204	-4.94331	-3.26514	-3.88641	0
-8.64261	-5.25613	4.99374	4.07417	-0.147438	-8.55062	-4.79248	-8.61678	-5.13637	-3.32121	-3.83242	3.93216
-8.64261	-5.25613	4.99374	4.07417	-0.147438	-8.91477	-5.51752	-8.78433	-5.32669	-3.37745	-3.77663	0
-8.9542	-5.65488	5.0039	4.05602	-0.151869	-9.04115	-5.69364	-8.95469	-5.51417	-3.43377	-3.71901	0.113094
-8.9542	-5.65488	5.0039	4.05602	-0.151869	-9.03391	-5.80267	-9.12788	-5.69872	-3.49012	-3.65955	0
-9.24471	-5.93511	4.85515	4.01627	-0.173801	-8.86897	-5.41973	-9.30388	-5.88026	-3.54643	-3.59823	5.56284
-9.24471	-5.93511	4.85515	4.01627	-0.173801	-9.30811	-5.82368	-9.4827	-6.05868	-3.60261	-3.53503	0
-9.58912	-6.30807	4.88415	3.99111	-0.183537	-9.80646	-6.41174	-9.66432	-6.23389	-3.6586	-3.46994	0.737748
-9.58912	-6.30807	4.88415	3.99111	-0.183537	-9.62547	-6.55958	-9.84874	-6.4058	-3.71431	-3.40295	0
-10.0694	-6.56061	4.94041	3.89434	-0.27739	-10.6688	-6.35543	-10.0359	-6.57431	-3.76969	-3.33404	5.47368
-10.0694	-6.56061	4.94041	3.89434	-0.27739	-10.2246	-6.83402	-10.2259	-6.73933	-3.82463	-3.26321	0
-10.4215	-6.88429	4.9726	3.86519	-0.282025	-10.2205	-6.71044	-10.4186	-6.90075	-3.87907	-3.19046	1.14174
-10.4215	-6.88429	4.9726	3.86519	-0.282025	-10.7616	-7.29159	-10.614	-7.05849	-3.93293	-3.11577	0
-10.8483	-7.13057	4.9873	3.79955	-0.324465	-10.8944	-6.83335	-10.8121	-7.21245	-3.98613	-3.03916	1.08468
-10.8483	-7.13057	4.9873	3.79955	-0.324465	-11.2219	-7.56979	-11.0128	-7.36252	-4.03859	-2.96062	0
-11.2095	-7.43415	4.96084	3.77741	-0.313957	-10.986	-7.3707	-11.2161	-7.50862	-4.09021	-2.88015	0.678758
-11.2095	-7.43415	4.96084	3.77741	-0.313957	-11.0934	-7.6776	-11.422	-7.65064	-4.14093	-2.79777	0
-11.603	-7.67886	4.9267	3.73438	-0.326694	-11.4213	-7.46085	-11.6304	-7.78849	-4.19066	-2.71349	0.982231
-11.603	-7.67886	4.9267	3.73438	-0.326694	-11.5269	-7.8215	-11.8413	-7.92208	-4.23932	-2.6273	0
-11.9987	-7.9068	4.80928	3.69051	-0.339836	-11.9422	-7.88317	-12.0546	-8.05131	-4.28682	-2.53924	1.3322
-11.9987	-7.9068	4.80928	3.69051	-0.339836	-12.09	-8.08828	-12.2702	-8.17609	-4.33309	-2.44932	0
-12.4349	-8.16286	4.94398	3.66039	-0.33145	-12.4462	-8.02117	-12.4881	-8.29633	-4.37802	-2.35756	2.18222
-12.4349	-8.16286	4.94398	3.66039	-0.33145	-12.4231	-8.2599	-12.7082	-8.41193	-4.42156	-2.26399	0
-12.8572	-8.32798	4.81794	3.60112	-0.362913	-12.7461	-8.19449	-12.9304	-8.5228	-4.4636	-2.16863	1.78188
-12.8572	-8.32798	4.81794	3.60112	-0.362913	-13.2911	-8.64594	-13.1547	-8.62886	-4.50407	-2.07151	0
-13.3663	-8.51164	4.92339	3.54849	-0.372447	-13.7929	-8.47158	-13.381	-8.73002	-4.54289	-1.97267	2.41588
-13.3663	-8.51164	4.92339	3.54849	-0.372447	-13.384	-8.57583	-13.6092	-8.82619	-4.57997	-1.87214	0
-13.8267	-8.55865	4.78217	3.4531	-0.442238	-13.6376	-8.26344	-13.8392	-8.91729	-4.61524	-1.76997	3.40372
-13.8267	-8.55865	4.78217	3.4531	-0.442238	-13.9959	-8.99264	-14.0709	-9.00324	-4.64861	-1.6662	0
-14.2912	-8.78306	4.92082	3.45617	-0.375507	-14.4737	-8.79552	-14.3043	-9.08395	-4.68001	-1.56086	2.71848
-14.2912	-8.78306	4.92082	3.45617	-0.375507	-14.4273	-9.1875	-14.5391	-9.15936	-4.70936	-1.45402	0
-14.7082	-9.00264	4.86912	3.44713	-0.354747	-14.5757	-9.32634	-14.7754	-9.22939	-4.73658	-1.34573	0.749837
-14.7082	-9.00264	4.86912	3.44713	-0.354747	-15.062	-9.04396	-15.013	-9.29397	-4.76161	-1.23603	0
-15.1931	-9.22507	4.90053	3.43617	-0.331792	-15.6189	-9.69365	-15.2517	-9.35302	-4.78436	-1.125	4.62984
-15.1931	-9.22507	4.90053	3.43617	-0.331792	-15.6682	-9.56749	-15.4916	-9.40649	-4.80476	-1.01269	0
-15.6904	-9.30013	4.83621	3.36865	-0.377275	-15.9382	-9.35751	-15.7324	-9.45431	-4.82275	-0.899159	1.93366
-15.6904	-9.30013	4.83621	3.36865	-0.377275	-16.0862	-9.59819	-15.9741	-9.49642	-4.83827	-0.784484	0
-16.2502	-9.2434	4.86632	3.26488	-0.441316	-16.6033	-8.85459	-16.2164	-9.53277	-4.85124	-0.668734	1.42193
-16.2502	-9.2434	4.86632	3.26488	-0.441316	-16.4229	-9.37029	-16.4594	-9.5633	-4.8616	-0.55198	0
-16.6437	-9.31693	4.77517	3.23082	-0.443167	-16.011	-9.33486	-16.7027	-9.58797	-4.8693	-0.434301	4.18145
-16.6437	-9.31693	4.77517	3.23082	-0.443167	-17.1132	-9.43043	-16.9464	-9.60673	-4.87427	-0.315773	0
-17.0164	-9.69391	4.73603	3.31602	-0.320933	-16.9255	-10.8571	-17.1903	-9.61954	-4.87646	-0.196479	8.0715
-17.0164	-9.69391	4.73603	3.31602	-0.320933	-17.5448	-9.57485	-17.4342	-9.62636	-4.87583	-0.0765024	0
-17.5681	-9.65112	4.76814	3.23367	-0.371051	-18.1371	-9.39146	-17.6781	-9.62717	-4.87232	0.0440703	2.92744
-17.5681	-9.65112	4.76814	3.23367	-0.371051	-17.9724	-9.42299	-17.9216	-9.62194	-4.86588	0.165151	0
-18.0961	-9.53826	4.77303	3.13409	-0.438691	-18.3083	-9.18778	-18.1648	-9.61064	-4.85648	0.286648	1.20328
-18.0961	-9.53826	4.77303	3.13409	-0.438691	-18.2763	-9.60997	-18.4074	-9.59325	-4.84408	0.40847	0
-18.5267	-9.58541	4.7606	3.12462	-0.396274	-18.2443	-9.58547	-18.6493	-9.56977	-4.82864	0.530522	1.13923
-18.5267	-9.58541	4.7606	3.12462	-0.396274	-18.9545	-9.51544	-18.8904	-9.54017	-4.81012	0.652707	0
-18.992	-9.49338	4.7815	3.07195	-0.395939	-18.6983	-9.02886	-19.1305	-9.50447	-4.78851	0.774927	3.08
-18.992	-9.49338	4.7815	3.07195	-0.395939	-19.2983	-9.09865	-19.3694	-9.46265	-4.76378	0.897083	0
-19.5201	-9.26359	4.80824	2.95567	-0.479852	-19.7037	-8.79906	-19.6069	-9.41472	-4.73591	1.01907	1.73918
-19.5201	-9.26359	4.80824	2.95567	-0.479852	-19.8731	-8.96417	-19.8431	-9.36071	-4.70487	1.1408	0
-20.0916	-8.87268	4.94551	2.82339	-0.538332	-20.3815	-7.6755	-20.0775	-9.30061	-4.67066	1.26215	4.72237
-20.0916	-8.87268	4.94551	2.82339	-0.538332	-20.1607	-9.59663	-20.3102	-9.23446	-4.63328	1.38303	0
-20.5091	-8.93732	4.86412	2.84916	-0.463674	-20.4587	-9.7448	-20.5409	-9.16227	-4.59271	1.50334	3.03593
-20.5091	-8.93732	4.86412	2.84916	-0.463674	-20.6596	-8.91527	-20.7696	-9.08409	-4.54895	1.62296	0
-21.0341	-8.71608	4.92739	2.78217	-0.48086	-21.5568	-8.5005	-20.9959	-8.99994	-4.50202	1.74179	2.40417
-21.0341	-8.71608	4.92739	2.78217	-0.48086	-21.0195	-8.85081	-21.2198	-8.90987	-4.45191	1.85972	0
-21.52	-8.52239	4.94475	2.72404	-0.500039	-21.8628	-8.64129	-21.4412	-8.81393	-4.39865	1.97666	1.69976
-21.52	-8.52239	4.94475	2.72404	-0.500039	-21.5029	-8.87191	-21.6597	-8.71217	-4.34224	2.0925	0
-21.9755	-8.08779	5.00536	2.58809	-0.604229	-21.9514	-7.41274	-21.8754	-8.60465	-4.2827	2.20712	3.77832
-21.9755	-8.08779	5.00536	2.58809	-0.604229	-21.9793	-8.57089	-22.0881	-8.49143	-4.22007	2.32043	0
-22.3797	-7.86908	4.97798	2.5708	-0.530727	-22.1914	-7.70392	-22.2975	-8.37258	-4.15437	2.43232	1.80848
-22.3797	-7.86908	4.97798	2.5708	-0.530727	-22.5838	-8.35296	-22.5035	-8.24817	-4.08564	2.5427	0
-22.7269	-7.74991	4.86443	2.54523	-0.522909	-22.3177	-8.57758	-22.7061	-8.11829	-4.01391	2.65145	2.06516
-22.7269	-7.74991	4.86443	2.54523	-0.522909	-22.9861	-7.6724	-22.9049	-7.98301	-3.93923	2.75848	0
-23.1029	-7.55712	4.79347	2.48257	-0.579237	-23.2693	-8.32031	-23.1	-7.84243	-3.86163	2.8637	4.08704
-23.1029	-7.55712	4.79347	2.48257	-0.579237	-23.4777	-7.56583	-23.2911	-7.69663	-3.78118	2.967	0
-23.4944	-7.26251	4.81473	2.45909	-0.505574	-23.473	-7.02103	-23.4781	-7.54572	-3.69792	3.06828	1.67413
-23.4944	-7.26251	4.81473	2.45909	-0.505574	-23.5408	-7.36069	-23.6609	-7.3898	-3.61191	3.16746	0
-23.8878	-6.90047	4.86311	2.41049	-0.488146	-24.0505	-6.56968	-23.8393	-7.22897	-3.52321	3.26445	0.429659
-23.8878	-6.90047	4.86311	2.41049	-0.488146	-23.9384	-7.26171	-24.0132	-7.06336	-3.43189	3.35916	0
-24.2525	-6.45821	4.92619	2.33423	-0.518142	-24.3577	-5.94086	-24.1825	-6.89307	-3.33801	3.45149	0.76364
-24.2525	-6.45821	4.92619	2.33423	-0.518142	-24.2574	-6.4352	-24.347	-6.71823	-3.24166	3.54138	0
-24.5753	-6.22549	4.84625	2.28332	-0.558275	-24.788	-7.18367	-24.5066	-6.53896	-3.14289	3.62873	4.58159
-24.5753	-6.22549	4.84625	2.28332	-0.558275	-24.3008	-6.43799	-24.6612	-6.35538	-3.0418	3.71347	0
-24.8484	-5.86543	4.81889	2.2199	-0.574972	-24.6108	-6.00878	-24.8107	-6.16764	-2.93846	3.79553	0.62961
-24.8484	-5.86543	4.81889	2.2199	-0.574972	-25.146	-5.91902	-24.955	-5.97587	-2.83295	3.87484	0
-25.1138	-5.41082	4.84938	2.15578	-0.568757	-24.8975	-5.02285	-25.094	-5.7802	-2.72537	3.95132	1.29945
-25.1138	-5.41082	4.84938	2.15578	-0.568757	-25.1941	-5.64372	-25.2276	-5.58079	-2.61581	4.02492	0
-25.3987	-5.09286	4.80152	2.13769	-0.509467	-25.5328	-5.4399	-25.3556	-5.37777	-2.50435	4.09557	1.5152
-25.3987	-5.09286	4.80152	2.13769	-0.509467	-25.5713	-5.10241	-25.4779	-5.1713	-2.39109	4.16322	0
-25.6	-4.98035	4.58699	2.14084	-0.449607	-25.0178	-6.55904	-25.5946	-4.96152	-2.27613	4.22781	6.84402
-25.6	-4.98035	4.58699	2.14084	-0.449607	-25.6952	-4.89995	-25.7055	-4.7486	-2.15956	4.2893	0
-25.8416	-4.56356	4.60767	2.09782	-0.438814	-25.8162	-4.40681	-25.8105	-4.53268	-2.04149	4.34764	0.118902
-25.8416	-4.56356	4.60767	2.09782	-0.438814	-25.9516	-4.26659	-25.9096	-4.31392	-1.92202	4.40279	0
-26.096	-4.18415	4.5985	2.02211	-0.533926	-26.8953	-4.43966	-26.0027	-4.0925	-1.80125	4.45471	11.2192
-26.096	-4.18415	4.5985	2.02211	-0.533926	-26.1198	-3.67723	-26.0897	-3.86856	-1.67928	4.50337	0
-26.2741	-3.74515	4.61609	1.92846	-0.62545	-26.5652	-3.85723	-26.1706	-3.64227	-1.55623	4.54875	3.38158
-26.2741	-3.74515	4.61609	1.92846	-0.62545	-25.9974	-3.24722	-26.2453	-3.41381	-1.4322	4.59081	0
-26.3902	-3.23531	4.66878	1.83124	-0.68441	-26.2976	-3.01078	-26.3138	-3.18332	-1.30729	4.62954	1.10196
-26.3902	-3.23531	4.66878	1.83124	-0.68441	-26.1741	-2.87885	-26.376	-2.95098	-1.18162	4.66493	0
-26.4927	-2.88064	4.59419	1.77456	-0.67649	-26.4681	-3.44967	-26.4319	-2.71697	-1.05529	4.69696	0.628292
-26.4927	-2.88064	4.59419	1.77456	-0.67649	-26.674	-2.73852	-26.4815	-2.48143	-0.928411	4.72562	0
-26.5995	-2.34996	4.64558	1.72476	-0.626483	-26.657	-1.72382	-26.5247	-2.24456	-0.80109	4.75091	1.33888
-26.5995	-2.34996	4.64558	1.72476	-0.626483	-26.6691	-2.17333	-26.5616	-2.0065	-0.673434	4.77284	0
-26.6502	-1.82262	4.67832	1.67786	-0.572879	-26.3248	-1.32261	-26.5921	-1.76744	-0.545553	4.79141	2.76361
-26.6502	-1.82262	4.67832	1.67786	-0.572879	-26.4671	-1.53207	-26.6161	-1.52753	-0.417552	4.80664	0
-26.6513	-1.46893	4.59313	1.60524	-0.616656	-26.4998	-2.19526	-26.6338	-1.28695	-0.289538	4.81852	1.54163
-26.6513	-1.46893	4.59313	1.60524	-0.616656	-26.5998	-1.14277	-26.6451	-1.04586	-0.161616	4.8271	0
-26.7122	-1.10843	4.52617	1.56579	-0.594763	-27.2008	-1.67679	-26.65	-0.804425	-0.0338883	4.83238	3.91526
-26.7122	-1.10843	4.52617	1.56579	-0.594763	-26.7355	-0.59539	-26.6485	-0.562811	0.0935412	4.83439	0
-26.709	-0.559102	4.61465	1.49312	-0.623422	-26.9891	0.0351487	-26.6406	-0.321181	0.220572	4.83317	1.86923
-26.709	-0.559102	4.61465	1.49312	-0.623422	-26.4553	0.0602653	-26.6264	-0.0796947	0.347104	4.82874	0
-26.6806	-0.0966141	4.62653	1.43018	-0.633204	-26.9537	0.136943	-26.6059	0.161489	0.473041	4.82116	1.95424
-26.6806	-0.0966141	4.62653	1.43018	-0.633204	-26.6201	0.57588	-26.5792	0.402213	0.598287	4.81045	0
-26.6464	0.348333	4.60243	1.39569	-0.576955	-26.8241	0.381506	-26.5462	0.642323	0.722748	4.79667	2.24431
-26.6464	0.348333	4.60243	1.39569	-0.576955	-26.7293	1.06082	-26.5069	0.881666	0.846334	4.77986	0
-26.5375	1.14162	4.83486	1.36863	-0.479088	-25.9562	2.60409	-26.4616	1.12009	0.968955	4.76007	9.32412
-26.5375	1.14162	4.83486	1.36863	-0.479088	-26.3986	1.42212	-26.4101	1.35745	1.09053	4.73737	0
-26.4679	1.24244	4.54695	1.33831	-0.453971	-26.5072	-0.563928	-26.3526	1.59361	1.21096	4.71181	6.62571
-26.4679	1.24244	4.54695	1.33831	-0.453971	-26.3594	1.79315	-26.2891	1.82841	1.33018	4.68345	0
-26.3449	1.70364	4.56765	1.28566	-0.469486	-26.3475	1.82827	-26.2197	2.06173	1.44811	4.65235	0.109582
-26.3449	1.70364	4.56765	1.28566	-0.469486	-26.2502	2.18481	-26.1444	2.29342	1.56467	4.61859	0
-26.2115	2.16843	4.57597	1.25621	-0.426717	-26.069	2.27896	-26.0633	2.52336	1.67979	4.58223	0.786207
-26.2115	2.16843	4.57597	1.25621	-0.426717	-26.0641	2.80701	-25.9765	2.75141	1.79339	4.54334	0
-26.0519	2.6521	4.63714	1.18628	-0.495521	-26.3234	3.02388	-25.8841	2.97746	1.90543	4.502	2.8627
-26.0519	2.6521	4.63714	1.18628	-0.495521	-25.8345	3.42005	-25.7861	3.20139	2.01582	4.45828	0
-25.8923	3.17996	4.7152	1.1445	-0.491399	-26.1824	3.73376	-25.6826	3.42306	2.12452	4.41227	2.07641
-25.8923	3.17996	4.7152	1.1445	-0.491399	-25.6666	3.63509	-25.5737	3.64239	2.23146	4.36404	0
-25.6753	3.52691	4.66221	1.08454	-0.508428	-25.5773	3.13316	-25.4596	3.85924	2.3366	4.31367	0.61428
-25.6753	3.52691	4.66221	1.08454	-0.508428	-25.7492	3.99968	-25.3402	4.07353	2.43989	4.26125	0
-25.4424	3.90614	4.63994	1.03298	-0.505532	-25.3516	3.75691	-25.2157	4.28514	2.54127	4.20686	0.202104
-25.4424	3.90614	4.63994	1.03298	-0.505532	-25.0214	4.52803	-25.0863	4.49399	2.64071	4.15058	0
-25.1259	4.30996	4.64059	0.984953	-0.473092	-24.2719	4.30917	-24.9518	4.69998	2.73817	4.09251	9.15277
-25.1259	4.30996	4.64059	0.984953	-0.473092	-25.0363	4.88499	-24.8126	4.90303	2.83361	4.03273	0
-24.8128	4.73698	4.68338	0.934018	-0.470224	-24.3609	4.95947	-24.6686	5.10304	2.92701	3.97132	2.17598
-24.8128	4.73698	4.68338	0.934018	-0.470224	-24.5041	5.35293	-24.5201	5.29995	3.01833	3.90839	0
-24.4936	5.11734	4.72566	0.861654	-0.523974	-24.4379	5.24592	-24.367	5.49367	3.10754	3.84401	0.95041
-24.4936	5.11734	4.72566	0.861654	-0.523974	-24.1159	5.61152	-24.2095	5.68414	3.19464	3.77827	0
-24.2078	5.34792	4.65073	0.788456	-0.566891	-24.5638	4.75836	-24.0477	5.8713	3.27959	3.71127	1.95482
-24.2078	5.34792	4.65073	0.788456	-0.566891	-23.9153	5.94377	-23.8818	6.05508	3.36239	3.64309	0
-23.877	5.80301	4.67161	0.78451	-0.459731	-23.5491	6.44495	-23.7117	6.23542	3.44302	3.57383	4.81357
-23.877	5.80301	4.67161	0.78451	-0.459731	-23.6471	6.29102	-23.5377	6.41227	3.52148	3.50357	0
-23.5666	6.2039	4.70241	0.765829	-0.417902	-23.7544	6.53746	-23.3598	6.58559	3.59775	3.4324	1.40912
-23.5666	6.2039	4.70241	0.765829	-0.417902	-23.0099	6.86182	-23.1781	6.75533	3.67185	3.36041	0
-23.196	6.39543	4.61957	0.702857	-0.431878	-22.7862	5.74143	-22.9928	6.92146	3.74376	3.28768	4.58087
-23.196	6.39543	4.61957	0.702857	-0.431878	-22.6991	7.063	-22.804	7.08393	3.8135	3.21431	0
-22.7811	6.68913	4.67001	0.635283	-0.474506	-22.418	6.76159	-22.6117	7.24273	3.88106	3.14038	1.98778
-22.7811	6.68913	4.67001	0.635283	-0.474506	-22.5083	7.31524	-22.4161	7.39782	3.94647	3.06598	0
-22.3166	7.08832	4.85753	0.564258	-0.543173	-22.0543	7.85452	-22.2173	7.54917	4.00974	2.99118	3.89426
-22.3166	7.08832	4.85753	0.564258	-0.543173	-22.1947	7.69478	-22.0154	7.69679	4.07087	2.91607	0
-21.8704	7.65746	5.02755	0.587125	-0.435757	-21.6178	9.0351	-21.8105	7.84064	4.12989	2.84074	7.64262
-21.8704	7.65746	5.02755	0.587125	-0.435757	-21.6473	7.94	-21.6026	7.98072	4.18681	2.76526	0
-21.4952	7.92087	4.9898	0.559021	-0.410219	-21.8637	7.78661	-21.392	8.11703	4.24166	2.68971	1.4172
-21.4952	7.92087	4.9898	0.559021	-0.410219	-21.0853	7.83229	-21.1787	8.24957	4.29447	2.61417	0
-21.0106	8.43363	5.1486	0.584849	-0.313779	-20.5503	9.28616	-20.9628	8.37833	4.34526	2.53871	4.43736
-21.0106	8.43363	5.1486	0.584849	-0.313779	-21.0519	8.50983	-20.7444	8.50333	4.39406	2.46341	0
-20.4892	8.77281	5.25441	0.521955	-0.383276	-19.9265	9.40847	-20.5237	8.62457	4.4409	2.38835	3.87688
-20.4892	8.77281	5.25441	0.521955	-0.383276	-20.21	8.68914	-20.3006	8.74206	4.48582	2.31358	0
-20.0675	9.03825	5.21311	0.514717	-0.320925	-20.2277	8.8532	-20.0753	8.85583	4.52884	2.23919	1.34123
-20.0675	9.03825	5.21311	0.514717	-0.320925	-20.0633	8.86724	-19.848	8.96589	4.57001	2.16524	0
-19.6678	9.23119	5.12416	0.499859	-0.273994	-19.9264	8.78179	-19.6186	9.07227	4.60937	2.09179	1.48114
-19.6678	9.23119	5.12416	0.499859	-0.273994	-19.4861	8.96665	-19.3873	9.17499	4.64694	2.01891	0
-19.1192	9.58575	5.27081	0.463631	-0.311415	-18.5719	10.2069	-19.1542	9.27409	4.68278	1.94666	2.88629
-19.1192	9.58575	5.27081	0.463631	-0.311415	-18.6786	9.19191	-18.9193	9.36959	4.71692	1.8751	0
-18.7351	9.64297	5.12387	0.402596	-0.347349	-19.2825	8.98189	-18.6827	9.46154	4.7494	1.80429	2.84194
-18.7351	9.64297	5.12387	0.402596	-0.347349	-18.4242	9.46852	-18.4446	9.54996	4.78028	1.73429	0
-18.2679	9.60917	5.04794	0.295806	-0.45411	-18.1634	8.72444	-18.2049	9.63492	4.80959	1.66514	7.94899
-18.2679	9.60917	5.04794	0.295806	-0.45411	-17.7736	9.72478	-17.9639	9.71643	4.83737	1.59691	0
-17.7363	9.81261	5.06471	0.276794	-0.400131	-17.2296	9.97767	-17.7214	9.79457	4.86368	1.52964	3.15409
-17.7363	9.81261	5.06471	0.276794	-0.400131	-17.3436	9.88109	-17.4777	9.86936	4.88856	1.46338	0
-17.225	9.99082	5.10813	0.24324	-0.397298	-17.1554	10.212	-17.2328	9.94087	4.91205	1.39818	0.209563
-17.225	9.99082	5.10813	0.24324	-0.397298	-16.8876	10.145	-16.9868	10.0091	4.93421	1.33408	0
-16.7153	10.1163	5.11498	0.209207	-0.385684	-16.5958	10.1078	-16.7396	10.0743	4.95507	1.27113	0.192965
-16.7153	10.1163	5.11498	0.209207	-0.385684	-16.5153	10.3091	-16.4915	10.1362	4.97469	1.20937	0
-16.1835	10.2886	5.16797	0.187532	-0.368059	-16.09	10.5824	-16.2424	10.1952	4.99311	1.14883	0.437065
-16.1835	10.2886	5.16797	0.187532	-0.368059	-16.006	10.1843	-15.9924	10.2511	5.01039	1.08956	0
-15.6839	10.4085	5.14871	0.174396	-0.325119	-15.7234	10.41	-15.7416	10.3041	5.02655	1.03159	0.547752
-15.6839	10.4085	5.14871	0.174396	-0.325119	-15.5699	10.1904	-15.4899	10.3543	5.04166	0.974957	0
-15.0345	10.5611	5.33556	0.121778	-0.383354	-14.2385	10.9109	-15.2376	10.4016	5.05576	0.919692	6.27921
-15.0345	10.5611	5.33556	0.121778	-0.383354	-14.9365	10.4722	-14.9846	10.4462	5.06889	0.865828	0
-14.6009	10.5022	5.13564	0.103734	-0.301092	-14.724	9.63507	-14.7309	10.4882	5.0811	0.813394	7.94554
-14.6009	10.5022	5.13564	0.103734	-0.301092	-14.4088	10.222	-14.4766	10.5276	5.09243	0.762418	0
-14.0679	10.5592	5.1529	0.0778982	-0.29339	-13.9005	10.5238	-14.2218	10.5645	5.10293	0.712926	0.339798
-14.0679	10.5592	5.1529	0.0778982	-0.29339	-13.8049	10.9383	-13.9665	10.5989	5.11263	0.664944	0
-13.5259	10.6942	5.15538	0.102791	-0.203289	-13.3956	10.7857	-13.7107	10.631	5.12159	0.618496	2.39744
-13.5259	10.6942	5.15538	0.102791	-0.203289	-13.3556	10.5517	-13.4545	10.6608	5.12983	0.573603	0
-13.0003	10.7493	5.17611	0.0784085	-0.214262	-12.9374	10.8137	-13.1979	10.6884	5.13741	0.530288	0.0837166
-13.0003	10.7493	5.17611	0.0784085	-0.214262	-12.9591	11.0099	-12.9409	10.7138	5.14436	0.48857	0
-12.4223	10.906	5.25508	0.0961693	-0.167455	-12.2518	11.2495	-12.6836	10.7373	5.15071	0.448467	1.22461
-12.4223	10.906	5.25508	0.0961693	-0.167455	-12.3713	10.6091	-12.426	10.7587	5.15651	0.409997	0
-11.9031	10.9695	5.24543	0.0952752	-0.137418	-11.9352	10.9161	-12.1681	10.7783	5.16179	0.373177	0.253357
-11.9031	10.9695	5.24543	0.0952752	-0.137418	-11.9451	11.0515	-11.91	10.7961	5.16658	0.338022	0
-11.3262	11.0304	5.30011	0.0822193	-0.139514	-10.9703	10.9676	-11.6516	10.8121	5.17092	0.304546	1.33328
-11.3262	11.0304	5.30011	0.0822193	-0.139514	-11.4548	10.9407	-11.393	10.8265	5.17484	0.272761	0
-10.9315	10.8323	5.16098	-0.0428138	-0.311986	-11.3472	10.5111	-11.1342	10.8394	5.17836	0.242681	8.9534
-10.9315	10.8323	5.16098	-0.0428138	-0.311986	-10.6009	10.6823	-10.8753	10.8509	5.18153	0.214317	0
-10.4551	10.7996	5.11288	-0.0697505	-0.300107	-10.6563	10.8369	-10.6161	10.8609	5.18435	0.187679	0.493047
-10.4551	10.7996	5.11288	-0.0697505	-0.300107	-10.4142	10.8747	-10.3569	10.8697	5.18687	0.162776	0
-9.92879	10.8957	5.06657	-0.0218371	-0.16306	-9.90413	11.2255	-10.0976	10.8772	5.1891	0.139618	6.93919
-9.92879	10.8957	5.06657	-0.0218371	-0.16306	-9.83445	11.1032	-9.83809	10.8837	5.19106	0.118212	0
-9.58313	10.7649	4.87243	-0.0588962	-0.165319	-10.195	10.3498	-9.57852	10.8891	5.19278	0.0985664	3.8477
-9.58313	10.7649	4.87243	-0.0588962	-0.165319	-9.3066	11.0348	-9.31887	10.8936	5.19428	0.0806865	0
-9.1449	10.6862	4.79266	-0.0745629	-0.143711	-9.2226	10.3527	-9.05915	10.8972	5.19557	0.0645787	1.34638
-9.1449	10.6862	4.79266	-0.0745629	-0.143711	-8.78899	11.0707	-8.79937	10.9001	5.19667	0.050248	0
-8.74156	10.5557	4.6824	-0.104577	-0.141664	-8.83914	10.0319	-8.53953	10.9023	5.19759	0.0376992	2.81224
-8.74156	10.5557	4.6824	-0.104577	-0.141664	-8.62045	10.6577	-8.27965	10.9039	5.19835	0.0269359	0
-8.17343	10.6424	4.79087	-0.0660523	-0.0774445	-7.91543	11.1157	-8.01974	10.905	5.19896	0.0179617	3.18559
-8.17343	10.6424	4.79087	-0.0660523	-0.0774445	-7.51971	11.0005	-7.75979	10.9057	5.19942	0.0107791	0
-7.60453	10.6773	4.87884	-0.0360174	-0.0221388	-7.25987	10.6458	-7.49981	10.9061	5.19975	0.00539029	1.78442
-7.60453	10.6773	4.87884	-0.0360174	-0.0221388	-7.15631	10.815	-7.23983	10.9063	5.19994	0.00179692	0
-7.12586	10.7427	4.87202	0.00959182	0.0542162	-7.39396	11.0181	-6.97983	10.9064	5.2	-7.84874e-15	3.01047
