px	py	v	yaw_angle	yaw_rate	px_measured	py_measured	px_true	py_true	vx_true	vy_true	NIS
0.312243	0.58034	5.20024	0	0	0.312243	0.58034	0.6	0.6	5.19994	0	0
0.844881	0.58261	5.25084	0.041781	0.0109794	0.862916	0.534212	0.859997	0.600045	5.19975	0.00179686	1.32963
1.11959	0.579245	5.26915	0.0364985	0.00881792	1.17385	0.481073	1.11998	0.600225	5.19943	0.00538996	0.652407
1.33329	0.557509	5.15247	0.00791494	-0.0272285	0.969149	0.397513	1.37996	0.600629	5.19898	0.0107781	3.22241
1.60948	0.572099	5.1557	0.0133708	-0.0222964	1.65063	0.62469	1.6399	0.601347	5.19839	0.0179597	0.26344
1.86071	0.570097	5.22135	0.0154215	-0.000601539	1.62331	0.499091	1.89982	0.60247	5.19766	0.0269323	1.31745
2.13766	0.587006	5.22816	0.022971	0.00913969	2.18882	0.648739	2.1597	0.604086	5.19678	0.0376932	0.358951
2.37103	0.623202	5.17	0.0576875	0.0645487	1.96701	0.557117	2.41954	0.606284	5.19573	0.0502389	2.66509
2.63381	0.643237	5.1737	0.0638366	0.0694764	2.65526	0.66598	2.67932	0.609155	5.1945	0.0645654	0.053337
2.89751	0.65301	5.19871	0.0615149	0.0618082	2.92034	0.645898	2.93904	0.612786	5.19309	0.080668	0.101285
3.13199	0.662942	5.17164	0.0643051	0.0612695	3.01222	0.637046	3.19869	0.617267	5.19147	0.0985415	0.804496
3.41079	0.603207	5.21172	0.00415694	-0.0557955	3.56096	0.485311	3.45825	0.622685	5.18963	0.11818	2.95561
3.70793	0.541644	5.26086	-0.0516525	-0.153515	3.89365	0.311793	3.71772	0.62913	5.18754	0.139576	4.82326
3.98632	0.576255	5.31554	-0.0206775	-0.0772293	4.19786	0.698311	3.97708	0.636689	5.18519	0.162724	2.00499
4.26043	0.571746	5.32662	-0.0243324	-0.0764974	4.30935	0.578564	4.23632	0.645449	5.18256	0.187614	0.128377
4.52073	0.595083	5.29812	-0.00846041	-0.0439744	4.61908	0.68951	4.49542	0.655498	5.17962	0.214238	0.774815
4.7161	0.675596	5.20511	0.0494689	0.055142	4.35143	0.899174	4.75437	0.666921	5.17634	0.242587	10.0753
4.96984	0.673881	5.15066	0.0406454	0.0349225	5.20901	0.66599	5.01315	0.679804	5.1727	0.272649	1.84018
5.271	0.67153	5.20776	0.0317818	0.0189942	5.51894	0.648233	5.27175	0.694234	5.16867	0.304413	3.25857
5.53019	0.679664	5.23967	0.0339797	0.0217277	5.22834	0.639362	5.53013	0.710295	5.16422	0.337868	1.60855
5.82562	0.691672	5.28372	0.0353563	0.0226191	6.022	0.708619	5.78828	0.728072	5.15932	0.372999	2.02673
6.06991	0.632092	5.21061	-0.00453756	-0.0391497	5.89392	0.373584	6.04618	0.747647	5.15393	0.409793	4.05606
6.32838	0.723967	5.20861	0.0466653	0.0375387	6.34249	0.948833	6.30379	0.769103	5.14803	0.448233	3.18792
6.57973	0.752652	5.17427	0.0573915	0.0496876	6.62134	0.836138	6.5611	0.792523	5.14157	0.488305	0.526283
6.83004	0.752334	5.16419	0.0517154	0.0383389	6.78214	0.714036	6.81808	0.817988	5.13452	0.52999	0.20942
7.07407	0.73903	5.08228	0.0385417	0.0167266	7.29121	0.630741	7.07469	0.845578	5.12685	0.573269	3.17453
7.29716	0.814253	5.04437	0.0748647	0.0646097	7.13735	0.957217	7.3309	0.875373	5.11851	0.618123	2.67473
7.58836	0.828068	5.14854	0.0743574	0.0598603	8.08349	0.819605	7.58668	0.907449	5.10946	0.664531	4.5117
7.84057	0.808845	5.1413	0.0575749	0.0337569	7.80533	0.719126	7.84199	0.941886	5.09966	0.712469	0.573528
8.09081	0.826681	5.08502	0.0602895	0.034331	8.40453	0.884557	8.0968	0.978759	5.08907	0.761915	2.48123
8.33013	0.842921	5.06666	0.0628841	0.0355532	8.24796	0.840322	8.35106	1.01814	5.07766	0.812843	0.351574
8.59834	0.928331	5.15675	0.0997093	0.0820284	8.45858	1.41118	8.60472	1.06011	5.06537	0.865226	6.73361
8.83716	0.985525	5.13627	0.119974	0.103053	8.74615	1.04858	8.85775	1.10473	5.05216	0.919037	0.701718
9.1259	1.02449	5.19304	0.127353	0.105518	9.8809	1.1419	9.1101	1.15208	5.03798	0.974245	6.84363
9.36446	1.05744	5.16879	0.133179	0.106431	9.25579	1.04913	9.36172	1.20223	5.0228	1.03082	0.61741
9.64305	1.12985	5.22058	0.155627	0.12808	10.1016	1.52474	9.61255	1.25524	5.00656	1.08873	4.52594
9.9167	1.25663	5.25401	0.202851	0.180101	10.0484	1.44598	9.86254	1.31118	4.98922	1.14794	3.1799
10.1654	1.34767	5.19668	0.232019	0.207958	10.5377	1.72555	10.1117	1.37011	4.97074	1.20841	4.81633
10.3914	1.42904	5.16708	0.254055	0.223247	10.2492	1.45907	10.3598	1.4321	4.95106	1.2701	1.13087
10.6235	1.51627	5.08072	0.279713	0.245543	10.9084	1.70343	10.6069	1.49721	4.93014	1.33298	4.09053
10.8503	1.54747	5.04835	0.27413	0.223328	10.7313	1.45265	10.853	1.56549	4.90794	1.39701	1.28673
11.1155	1.59972	5.08942	0.27409	0.20777	11.4783	1.42876	11.0979	1.637	4.8844	1.46213	1.94785
11.3953	1.64496	5.12678	0.269241	0.187902	11.587	1.61462	11.3416	1.71179	4.85948	1.52832	2.01037
11.6267	1.70372	5.0793	0.27618	0.186251	11.4763	1.53917	11.584	1.78992	4.83313	1.59551	0.900067
11.8574	1.76768	5.06068	0.283817	0.184346	11.7788	1.74591	11.8251	1.87144	4.80531	1.66366	0.347208
12.1126	1.85836	5.11767	0.299051	0.189925	12.136	2.14937	12.0647	1.95639	4.77598	1.73273	1.36848
12.3564	1.88567	5.0986	0.285334	0.160846	12.3226	1.78353	12.3029	2.04482	4.74508	1.80265	0.737319
12.6121	1.9466	5.14248	0.284973	0.148276	12.5457	1.77728	12.5394	2.13677	4.71257	1.87338	0.955748
12.8123	2.08146	5.10986	0.326689	0.191603	12.5924	2.17509	12.7743	2.23227	4.67842	1.94485	3.24295
13.0783	2.18899	5.20166	0.341844	0.194575	13.2198	2.6644	13.0075	2.33137	4.64258	2.01701	3.4486
13.2816	2.3303	5.17405	0.381354	0.232089	13.0875	2.40708	13.2388	2.43409	4.605	2.08981	2.47015
13.4613	2.47876	5.06335	0.429226	0.284114	12.7087	3.12439	13.4682	2.54047	4.56565	2.16317	10.8175
13.7111	2.59263	5.09242	0.443758	0.284167	13.836	2.62479	13.6955	2.65053	4.52448	2.23703	0.864572
13.9305	2.70747	5.0719	0.462308	0.291087	13.8302	2.73893	13.9208	2.7643	4.48147	2.31134	0.201962
14.1592	2.85977	5.09685	0.493438	0.311281	14.2106	2.94205	14.1439	2.88179	4.43656	2.38601	0.562775
14.4089	2.9688	5.16339	0.493768	0.285945	14.5568	2.87021	14.3646	3.00303	4.38974	2.46099	1.53204
14.6167	3.0394	5.10815	0.487542	0.261427	14.4616	2.90734	14.583	3.12802	4.34097	2.5362	2.28245
14.8474	3.19285	5.16857	0.510602	0.269269	14.6754	3.96041	14.7989	3.25679	4.29021	2.61157	3.77143
15.0546	3.38492	5.19228	0.555272	0.307433	15.0261	3.5067	15.0122	3.38932	4.23744	2.68703	1.06541
15.2652	3.55295	5.1791	0.588335	0.333249	15.3685	4.14761	15.2228	3.52563	4.18263	2.76249	2.51057
15.4788	3.73917	5.20912	0.622432	0.354216	15.5236	3.82936	15.4306	3.66572	4.12575	2.83789	0.614034
15.6904	3.87414	5.19507	0.632196	0.344912	15.7234	3.4105	15.6355	3.80957	4.06678	2.91315	0.999798
15.9129	4.01535	5.19992	0.640592	0.333999	15.9774	4.00094	15.8375	3.95719	4.00571	2.98817	0.245523
16.1078	4.18056	5.15421	0.669442	0.357061	16.3376	4.21632	16.0363	4.10854	3.94251	3.0629	1.77845
16.3056	4.37401	5.17902	0.700662	0.372969	16.3313	4.44499	16.2319	4.26363	3.87716	3.13723	0.351059
16.5156	4.53833	5.19621	0.713187	0.36378	16.7586	4.48231	16.4242	4.42242	3.80966	3.21109	0.654635
16.6945	4.70504	5.17577	0.733197	0.366344	16.6039	4.67344	16.613	4.5849	3.74	3.28438	0.478937
16.8462	4.90135	5.08624	0.782587	0.422195	16.9236	5.10119	16.7983	4.75103	3.66817	3.35704	4.51592
17.0108	5.12473	5.11432	0.823029	0.44516	16.9955	5.21099	16.9799	4.92077	3.59416	3.42897	0.512685
17.1801	5.29703	5.08198	0.842626	0.446288	17.3421	4.64623	17.1579	5.09409	3.51797	3.50008	1.75482
17.3403	5.47596	5.06316	0.862204	0.443362	17.2894	5.43542	17.3319	5.27094	3.4396	3.57028	0.22475
17.4956	5.64768	5.01488	0.882854	0.447945	17.6463	4.74597	17.5019	5.45128	3.35907	3.63949	3.26632
17.6907	5.76822	4.96633	0.868627	0.404967	17.7853	5.62476	17.6679	5.63506	3.27637	3.70762	1.95068
17.8329	5.96708	4.93094	0.903179	0.431661	17.9216	6.07151	17.8297	5.82221	3.19151	3.77458	1.06659
18.0081	6.15451	4.94308	0.914803	0.419525	18.1263	6.16985	17.9872	6.01269	3.10453	3.84027	0.757829
18.157	6.3629	4.95672	0.939252	0.4234	18.1245	6.79027	18.1402	6.20641	3.01542	3.90462	0.673344
18.2788	6.59866	4.97964	0.978344	0.444422	18.2164	6.66138	18.2888	6.40332	2.92421	3.96753	0.504543
18.4098	6.81356	4.97604	1.00681	0.45491	18.4022	7.02231	18.4328	6.60333	2.83093	4.0289	0.237405
18.5593	6.94869	4.89713	0.999876	0.421043	18.5422	6.76013	18.572	6.80638	2.7356	4.08867	2.21897
18.7088	7.15468	4.92935	1.00854	0.398471	18.8089	7.24388	18.7064	7.01237	2.63825	4.14672	0.659727
18.9076	7.29079	4.88582	0.983757	0.346384	19.1441	7.18344	18.8359	7.22122	2.53893	4.20299	4.08319
18.9946	7.49611	4.81712	1.02674	0.390857	18.5479	7.4012	18.9604	7.43283	2.43767	4.25737	4.07903
19.0855	7.75751	4.86499	1.0726	0.421326	19.0138	7.8688	19.0798	7.64712	2.3345	4.3098	1.14819
19.2064	7.96476	4.86571	1.08725	0.411299	19.3089	7.67375	19.1939	7.86397	2.22949	4.36017	0.296027
19.2858	8.18006	4.84532	1.1183	0.423805	19.132	8.12845	19.3028	8.08329	2.12266	4.40842	1.38487
19.3851	8.39075	4.84692	1.13374	0.410308	19.0239	8.17194	19.4062	8.30497	2.01409	4.45445	2.28364
19.481	8.53839	4.74811	1.1369	0.391487	19.347	8.30741	19.5042	8.5289	1.90381	4.49819	3.94045
19.5717	8.74771	4.72498	1.16061	0.401227	19.6843	8.35902	19.5966	8.75494	1.7919	4.53956	0.574738
19.7347	8.92007	4.70093	1.14378	0.358924	20.0039	8.8906	19.6835	8.983	1.67841	4.57848	4.17116
19.8073	9.14235	4.67857	1.17889	0.388582	19.6061	9.48659	19.7645	9.21294	1.56341	4.61488	1.02649
19.9382	9.36646	4.70946	1.18378	0.371484	20.1574	9.45949	19.8398	9.44463	1.44697	4.64869	2.9778
19.9824	9.58968	4.66229	1.23132	0.421765	19.6163	9.76606	19.9093	9.67795	1.32916	4.67984	2.71572
20.0698	9.82856	4.69315	1.25189	0.420823	20.1573	9.90876	19.9728	9.91275	1.21005	4.70826	0.739861
20.1304	10.0769	4.73492	1.27794	0.420055	19.1911	11.5493	20.0303	10.1489	1.08972	4.73389	7.14167
20.178	10.3487	4.79073	1.31519	0.437894	20.166	10.4687	20.0818	10.3863	0.968259	4.75666	0.893971
20.1931	10.5856	4.76046	1.36503	0.484289	19.6775	10.803	20.1271	10.6247	0.845742	4.77652	2.92138
20.2513	10.8577	4.81962	1.39143	0.485798	20.371	11.0109	20.1663	10.864	0.722256	4.7934	2.01113
20.2804	11.1138	4.84963	1.4202	0.486132	19.4335	12.3402	20.1993	11.1041	0.597892	4.80727	4.88291
20.3146	11.3522	4.84762	1.44389	0.485478	20.3164	11.3483	20.2261	11.3449	0.472738	4.81807	0.00115994
20.2587	11.6023	4.80795	1.52446	0.579863	19.2063	12.2418	20.2466	11.5861	0.346889	4.82575	10.5867
20.3307	11.8419	4.81626	1.52785	0.551152	20.6141	11.9422	20.2608	11.8275	0.220439	4.83027	4.82579
20.3577	12.0757	4.83181	1.53031	0.49972	19.966	11.9688	20.2687	12.0692	0.093487	4.83159	3.74622
20.3443	12.3619	4.89747	1.56786	0.512005	20.3263	12.4966	20.2701	12.3108	-0.0338694	4.82968	1.10665
20.2935	12.6011	4.86574	1.62838	0.574826	20.0192	12.4823	20.2652	12.5522	-0.161529	4.82451	3.16411
20.3188	12.84	4.85957	1.63995	0.556125	20.498	12.8924	20.254	12.7933	-0.28939	4.81605	1.88336
20.3063	13.0717	4.84101	1.66622	0.558086	20.9151	12.2555	20.2363	13.0339	-0.417348	4.80428	2.1056
20.2711	13.285	4.8012	1.69608	0.561217	20.1943	13.1688	20.2122	13.2738	-0.545298	4.78918	1.03183
20.2327	13.5199	4.80236	1.72177	0.552244	19.858	13.5236	20.1818	13.5129	-0.673135	4.77072	1.29951
20.2123	13.778	4.83144	1.74253	0.544075	20.3245	13.8896	20.1449	13.7509	-0.800753	4.74892	1.31473
20.1563	14.0057	4.81429	1.77948	0.563279	20.3387	13.5307	20.1017	13.9878	-0.928043	4.72374	0.840701
20.101	14.2605	4.8452	1.80852	0.563498	20.1216	14.337	20.0521	14.2233	-1.0549	4.69521	0.346289
20.0292	14.4895	4.8416	1.8398	0.564872	19.6717	14.4038	19.9962	14.4573	-1.18121	4.66331	1.37715
19.9204	14.7437	4.88796	1.88328	0.580263	19.781	14.773	19.934	14.6897	-1.30687	4.62805	1.18541
19.8543	14.962	4.86905	1.89913	0.552805	20.1149	14.0165	19.8655	14.9202	-1.43177	4.58944	3.41235
19.8241	15.1798	4.8312	1.908	0.533573	20.0208	15.2053	19.7908	15.1486	-1.55581	4.54751	2.18732
19.6908	15.3897	4.80909	1.9864	0.639456	20.0157	15.3443	19.7099	15.3749	-1.67887	4.50226	7.82483
19.6617	15.5781	4.73059	1.99402	0.615137	19.9131	15.554	19.6229	15.5989	-1.80085	4.45372	3.66549
19.5683	15.7834	4.71536	2.01982	0.605424	19.9388	15.0864	19.5298	15.8203	-1.92164	4.40193	1.35824
19.4645	15.9967	4.71821	2.04924	0.604438	19.4748	16.0098	19.4307	16.039	-2.04114	4.3469	0.0147451
19.3636	16.2051	4.71589	2.0637	0.56923	19.1556	16.0022	19.3257	16.2549	-2.15925	4.28868	1.85265
19.2543	16.3826	4.67243	2.09358	0.571829	19.238	16.2719	19.2148	16.4679	-2.27586	4.22731	0.693116
19.1365	16.5793	4.66555	2.12321	0.574941	19.4007	16.2962	19.0981	16.6777	-2.39087	4.16284	0.274375
19.0062	16.7893	4.68775	2.1519	0.574349	19.0029	16.8387	18.9757	16.8841	-2.50418	4.0953	0.139219
18.8489	16.9813	4.70212	2.21249	0.643611	18.8373	17.7112	18.8477	17.0872	-2.61571	4.02476	6.48904
18.6748	17.2162	4.79159	2.24716	0.644045	18.6148	17.3832	18.7142	17.2866	-2.72534	3.95127	1.84441
18.5733	17.421	4.7717	2.22898	0.543677	18.8177	17.0316	18.5752	17.4822	-2.83299	3.87489	6.12949
18.3594	17.6127	4.83288	2.27634	0.563361	18.1023	17.5529	18.4309	17.674	-2.93858	3.79568	3.83103
18.2233	17.8045	4.82364	2.27836	0.508939	18.2749	17.4877	18.2814	17.8617	-3.042	3.71372	2.32439
18.092	17.9907	4.80542	2.29425	0.499374	18.2094	18.0461	18.1268	18.0453	-3.14318	3.62906	0.905616
17.9161	18.1453	4.7904	2.33859	0.536411	18.3021	17.498	17.9671	18.2246	-3.24204	3.5418	2.03347
17.7853	18.2879	4.72099	2.35997	0.532237	17.9018	18.2183	17.8026	18.3994	-3.3385	3.45199	1.09879
17.6521	18.4691	4.70479	2.36669	0.502858	18.8558	18.1364	17.6334	18.5697	-3.43247	3.35973	6.63743
17.4576	18.6508	4.75236	2.39441	0.504568	17.3845	18.7039	17.4595	18.7353	-3.5239	3.26509	0.48794
17.2769	18.7918	4.73694	2.4302	0.524185	17.7945	18.0801	17.281	18.8962	-3.61271	3.16817	1.78194
17.1157	18.9285	4.69801	2.45463	0.523085	17.1762	18.8863	17.0983	19.0521	-3.69883	3.06904	0.324635
16.9485	19.0988	4.70591	2.46631	0.500921	16.9398	19.7311	16.9113	19.203	-3.78221	2.9678	3.02613
16.7315	19.2146	4.70835	2.50698	0.517267	16.5734	19.052	16.7201	19.3488	-3.86278	2.86455	2.71716
16.5413	19.3678	4.7264	2.53119	0.519942	16.1674	20.2201	16.5251	19.4894	-3.9405	2.75938	3.2437
16.3161	19.5292	4.79059	2.55681	0.518211	16.2338	19.6171	16.3262	19.6246	-4.01531	2.65237	0.86445
16.0932	19.6122	4.7721	2.60864	0.558468	16.4366	18.2742	16.1237	19.7545	-4.08716	2.54364	10.0918
15.8877	19.7562	4.79596	2.62887	0.549899	15.9243	19.8703	15.9176	19.8789	-4.15602	2.43329	0.770836
15.6993	19.881	4.76708	2.63302	0.500458	16.2328	19.2166	15.7082	19.9978	-4.22185	2.32141	3.19994
15.4684	20.0344	4.83123	2.65062	0.49119	15.4332	20.1836	15.4956	20.111	-4.28461	2.2081	1.34388
15.2566	20.1766	4.85436	2.66158	0.470451	14.3677	21.3406	15.2799	20.2185	-4.34427	2.09347	5.66054
15.0683	20.3083	4.83882	2.67282	0.457973	15.2016	20.4385	15.0613	20.3203	-4.4008	1.97763	1.83913
14.8378	20.3908	4.83833	2.71093	0.482212	14.7476	19.9571	14.84	20.4162	-4.4542	1.86068	2.16263
14.6221	20.51	4.84931	2.7275	0.474162	14.6665	20.6088	14.6161	20.5063	-4.50443	1.74272	0.623517
14.3852	20.5972	4.86805	2.7643	0.501139	13.841	21.0031	14.3897	20.5904	-4.55149	1.62386	1.29695
14.1388	20.6713	4.88347	2.79662	0.508409	14.0521	20.5924	14.1611	20.6686	-4.59537	1.50421	0.729194
13.9016	20.7427	4.89268	2.83233	0.530069	13.8232	20.859	13.9304	20.7408	-4.63606	1.38386	0.368484
13.6275	20.8064	4.94194	2.86722	0.537802	13.4686	20.7253	13.6977	20.807	-4.67357	1.26294	1.72519
13.379	20.8374	4.94964	2.92106	0.590467	13.8263	20.4261	13.4632	20.8671	-4.70789	1.14153	2.34474
13.133	20.8781	4.94858	2.95441	0.594488	13.1072	20.8294	13.2271	20.9211	-4.73904	1.01975	0.160971
12.9011	20.9369	4.93984	2.97554	0.582925	13.2669	21.1579	12.9895	20.969	-4.76702	0.897694	1.78053
12.7017	20.9801	4.8798	2.99835	0.577986	12.8729	21.0592	12.7506	21.0108	-4.79186	0.775469	1.9405
12.4489	21.021	4.90317	3.02619	0.578655	11.5171	21.6724	12.5106	21.0465	-4.81358	0.653175	2.5614
12.2022	21.058	4.9136	3.05091	0.573873	12.2062	21.11	12.2695	21.0761	-4.83219	0.530912	0.148494
11.9636	21.0779	4.91022	3.08202	0.581953	12.3859	21.1066	12.0276	21.0996	-4.84773	0.408778	0.942658
11.7212	21.048	4.88858	3.12605	0.598502	11.6814	20.8651	11.785	21.117	-4.86022	0.286869	1.88556
11.4742	21.0347	4.8876	3.16129	0.60448	11.5265	20.6748	11.5418	21.1283	-4.86971	0.165281	1.07229
11.2587	21.0276	4.84578	3.19035	0.604561	11.363	21.0688	11.2982	21.1335	-4.87623	0.0441057	0.693518
11.0047	20.9891	4.85783	3.22974	0.614415	10.5558	20.5567	11.0544	21.1327	-4.87982	-0.076565	4.1248
10.7949	20.9504	4.80706	3.26581	0.621872	10.8903	20.927	10.8105	21.1259	-4.88053	-0.196643	0.577036
10.547	20.9498	4.79576	3.26974	0.568262	9.30535	21.3896	10.5666	21.1131	-4.8784	-0.31604	5.64678
10.2654	20.9782	4.87292	3.27261	0.537802	10.189	21.209	10.3229	21.0943	-4.87349	-0.434674	3.4168
10.0266	20.9598	4.8686	3.29142	0.526337	9.97958	21.2932	10.0795	21.0697	-4.86585	-0.552463	1.02138
9.83362	20.9202	4.79822	3.32014	0.531072	9.99634	20.9797	9.83658	21.0391	-4.85554	-0.669327	1.67344
9.59958	20.9119	4.76561	3.3176	0.475944	9.38223	21.111	9.59422	21.0028	-4.84262	-0.785189	2.2969
9.40727	20.8596	4.70307	3.34728	0.484045	9.53921	20.8762	9.35258	20.9607	-4.82714	-0.899977	1.02401
9.18655	20.8177	4.69275	3.36978	0.48427	9.63392	20.9724	9.11177	20.9128	-4.80919	-1.01362	1.47691
8.89285	20.7873	4.79086	3.37855	0.465033	8.70331	20.8221	8.87192	20.8594	-4.78881	-1.12605	2.24542
8.67879	20.7074	4.76966	3.41383	0.482095	9.84634	20.009	8.63315	20.8003	-4.76608	-1.2372	4.44959
8.40217	20.6242	4.84217	3.43956	0.48219	8.22277	20.4839	8.39557	20.7358	-4.74108	-1.34701	2.79048
8.17371	20.5439	4.84637	3.469	0.492096	8.29647	20.4978	8.1593	20.6657	-4.71387	-1.45542	0.103808
7.93118	20.4642	4.86733	3.4916	0.489426	7.88599	20.45	7.92445	20.5903	-4.68453	-1.56237	0.127813
7.71531	20.3776	4.87068	3.52538	0.512108	8.29081	20.6565	7.69111	20.5096	-4.65313	-1.66781	3.4988
7.40548	20.3205	4.98845	3.52506	0.480945	7.18029	20.392	7.45939	20.4237	-4.61975	-1.7717	3.45178
7.17336	20.224	4.98659	3.54706	0.475533	7.09214	20.1196	7.22939	20.3326	-4.58448	-1.87399	0.219498
6.90837	20.1417	5.03595	3.55812	0.460472	6.81542	20.1859	7.00119	20.2364	-4.54738	-1.97462	0.660974
6.68277	20.0502	5.01958	3.57393	0.448113	6.89359	20.1536	6.7749	20.1352	-4.50854	-2.07357	0.482516
6.43473	19.9591	5.04552	3.58668	0.436988	6.38914	20.0137	6.55059	20.0292	-4.46805	-2.17079	0.307707
6.21768	19.8655	5.02731	3.60419	0.433228	6.67637	20.2142	6.32834	19.9183	-4.42598	-2.26625	2.85303
5.95449	19.7723	5.07633	3.61101	0.41597	5.86119	19.8306	6.10823	19.8027	-4.38241	-2.35993	0.756956
5.72497	19.6263	5.11836	3.65038	0.450345	5.28178	19.5036	5.89034	19.6824	-4.33744	-2.45178	1.95762
5.54965	19.5029	5.051	3.68066	0.460224	5.69089	19.5755	5.67472	19.5577	-4.29114	-2.5418	1.42479
5.34836	19.3536	5.04495	3.71442	0.475293	5.9506	18.9859	5.46145	19.4284	-4.24359	-2.62995	1.76209
5.13538	19.2519	5.03142	3.72473	0.460771	5.17021	19.4397	5.25059	19.2948	-4.19488	-2.71622	1.92777
4.9439	19.1402	4.9701	3.7343	0.43514	5.87397	19.301	5.04219	19.157	-4.1451	-2.80059	4.66554
4.78234	18.9888	4.91719	3.76944	0.451289	4.89149	18.982	4.8363	19.015	-4.09432	-2.88305	0.742927
4.57342	18.8387	4.95153	3.79507	0.461608	3.98679	19.0452	4.63297	18.8689	-4.04263	-2.96359	1.48374
4.39659	18.7068	4.91593	3.81567	0.459689	4.4685	18.834	4.43224	18.7188	-3.99012	-3.0422	1.12196
4.21496	18.5647	4.87222	3.82988	0.439975	4.69245	18.4634	4.23416	18.5648	-3.93685	-3.11888	1.34522
4.09146	18.4091	4.79029	3.86826	0.46062	4.26269	18.481	4.03876	18.4071	-3.88293	-3.19362	2.01334
3.90721	18.2362	4.86843	3.9079	0.501966	3.42434	18.8357	3.84606	18.2457	-3.82841	-3.26644	7.20075
3.65034	18.0952	4.95263	3.89934	0.461176	3.45919	18.167	3.65611	18.0807	-3.77339	-3.33732	2.65874
3.48817	17.9447	4.88558	3.91212	0.438007	4.3011	17.9267	3.46891	17.9122	-3.71795	-3.40627	3.40354
3.26071	17.7779	4.94799	3.91607	0.415813	3.12525	17.7493	3.28449	17.7402	-3.66215	-3.47331	1.17163
3.08083	17.5939	4.99532	3.94691	0.440139	2.65664	17.888	3.10287	17.565	-3.60609	-3.53844	2.37876
2.90225	17.4763	4.95443	3.94707	0.416127	2.9449	17.8154	2.92405	17.3866	-3.54982	-3.60167	6.14181
2.75985	17.2596	4.99743	3.9989	0.468801	3.26647	17.0897	2.74805	17.2051	-3.49344	-3.66302	3.13058
2.58464	17.0736	5.00995	4.01645	0.46179	2.55407	17.0853	2.57486	17.0205	-3.437	-3.72251	0.0689814
2.42112	16.9077	4.94274	4.01922	0.422707	2.55039	16.8884	2.4045	16.833	-3.38059	-3.78014	2.11766
2.25699	16.7354	4.93544	4.03213	0.413438	2.25371	16.8334	2.23695	16.6427	-3.32428	-3.83595	0.511844
2.08242	16.54	4.9307	4.03944	0.387431	1.57735	16.0489	2.07221	16.4497	-3.26812	-3.88995	4.98006
1.9276	16.3097	4.96691	4.06767	0.396814	1.88972	16.1054	1.91027	16.254	-3.21219	-3.94216	2.25495
1.77115	16.1338	4.92382	4.07133	0.368527	1.74362	16.2687	1.75112	16.0557	-3.15656	-3.99261	1.0366
1.56553	15.9655	4.95906	4.06009	0.333543	1.44745	16.0853	1.59474	15.8549	-3.10129	-4.04132	1.73412
1.43838	15.7342	5.00983	4.10291	0.377845	1.6097	15.5526	1.44111	15.6517	-3.04644	-4.08832	2.06581
1.26551	15.5162	5.05344	4.1132	0.367067	1.18395	15.4284	1.29021	15.4463	-2.99207	-4.13364	0.797514
1.10878	15.3234	5.04076	4.11866	0.348166	0.828993	15.528	1.14201	15.2386	-2.93825	-4.1773	0.971137
0.896336	15.105	5.12263	4.11077	0.317344	0.722706	15.0075	0.996486	15.0288	-2.88503	-4.21933	2.36576
0.749653	14.9247	5.06045	4.10997	0.286975	1.03147	15.2134	0.853604	14.8169	-2.83246	-4.25977	2.47356
0.648321	14.7103	5.0258	4.14075	0.306494	0.737301	14.7047	0.71333	14.603	-2.78061	-4.29864	0.514621
0.535894	14.4689	5.06806	4.17837	0.343011	0.722177	14.2445	0.575628	14.3872	-2.72952	-4.33598	1.78736
0.361698	14.2467	5.1168	4.17829	0.322243	0.253435	14.2029	0.440459	14.1696	-2.67925	-4.37181	0.839721
0.239434	13.9944	5.2003	4.21537	0.363705	-0.0328023	13.9604	0.307779	13.9502	-2.62984	-4.40617	3.07302
0.226084	13.7459	5.12011	4.27974	0.41882	0.459172	13.6856	0.177545	13.7292	-2.58135	-4.43909	3.75199
0.122399	13.503	5.16204	4.30812	0.435103	0.0524412	13.6377	0.0497099	13.5065	-2.53381	-4.47061	0.97294
-0.0446588	13.272	5.21231	4.30098	0.399858	-0.190344	13.2856	-0.0757753	13.2823	-2.48728	-4.50075	1.3968
-0.162708	13.054	5.16603	4.30447	0.371639	-0.275043	13.1456	-0.198962	13.0566	-2.44179	-4.52955	1.12859
-0.165956	12.8283	5.07489	4.361	0.418939	0.0462308	12.9301	-0.319903	12.8295	-2.39739	-4.55704	3.43088
-0.283943	12.6032	5.03518	4.35894	0.38085	-0.684792	12.3563	-0.438654	12.6011	-2.35412	-4.58326	3.50531
-0.403311	12.3676	5.05932	4.36311	0.362404	-0.476482	12.3633	-0.555273	12.3714	-2.31202	-4.60823	0.35072
-0.526795	12.1592	5.02368	4.35525	0.324897	-0.972122	12.5207	-0.669818	12.1404	-2.27111	-4.63198	3.78359
-0.604293	11.9402	4.99819	4.37254	0.326737	-0.582624	12.0386	-0.78235	11.9083	-2.23144	-4.65456	0.531915
-0.730245	11.7121	5.00139	4.36531	0.293821	-1.26757	11.6495	-0.892931	11.6751	-2.19304	-4.67598	2.78253
-0.926977	11.4681	5.08748	4.3313	0.233605	-1.17212	11.3988	-1.00163	11.4409	-2.15594	-4.69628	4.14654
-1.032	11.243	5.0343	4.32668	0.200742	-0.891441	10.959	-1.1085	11.2057	-2.12017	-4.71549	2.81891
-1.20905	11.0157	5.08435	4.29936	0.155638	-1.39289	11.0424	-1.21362	10.9695	-2.08575	-4.73364	2.22344
-1.28823	10.7695	5.12206	4.32717	0.191401	-1.29894	10.9012	-1.31706	10.7324	-2.05273	-4.75075	1.36373
-1.41777	10.5155	5.1667	4.32428	0.176277	-1.49687	10.4198	-1.41889	10.4945	-2.02111	-4.76686	0.876486
-1.50523	10.2527	5.21746	4.34685	0.201466	-1.59293	10.0212	-1.51917	10.2559	-1.99093	-4.78198	1.44014
-1.6028	10.0426	5.1804	4.35001	0.193867	-1.61875	10.2374	-1.61797	10.0165	-1.96221	-4.79615	1.99215
-1.69176	9.81304	5.15068	4.35586	0.185411	-1.59702	9.96554	-1.71539	9.77637	-1.93498	-4.80939	0.523708
-1.76576	9.59306	5.11363	4.36862	0.189933	-1.73381	9.71347	-1.81147	9.53564	-1.90924	-4.82172	0.825368
-1.876	9.34071	5.17101	4.37428	0.193029	-2.27191	9.37316	-1.90631	9.29431	-1.88502	-4.83316	2.54282
-1.95771	9.04824	5.22891	4.39118	0.200792	-1.93833	8.77028	-1.99998	9.05243	-1.86233	-4.84374	4.05195
-2.04394	8.8257	5.17434	4.39	0.179086	-1.96565	9.13274	-2.09256	8.81003	-1.8412	-4.85347	1.84569
-2.14009	8.57367	5.1935	4.39323	0.172094	-2.1768	8.5411	-2.18412	8.56717	-1.82164	-4.86238	0.141516
-2.26921	8.31926	5.23542	4.38122	0.14617	-2.65862	8.19477	-2.27474	8.32388	-1.80365	-4.87047	2.80573
-2.31493	8.08632	5.18946	4.40325	0.164066	-2.21875	8.15339	-2.3645	8.0802	-1.78726	-4.87778	0.819152
-2.37775	7.87381	5.12495	4.41159	0.161271	-2.273	8.52315	-2.45348	7.83617	-1.77248	-4.8843	5.5108
-2.49166	7.62227	5.16146	4.40387	0.1423	-2.59674	7.60288	-2.54177	7.59184	-1.75931	-4.89006	0.695197
-2.65571	7.3875	5.16663	4.36103	0.0653151	-3.08256	7.38874	-2.62944	7.34723	-1.74777	-4.89507	5.61153
-2.75994	7.13148	5.19559	4.35913	0.0589883	-2.79865	7.064	-2.71658	7.10238	-1.73786	-4.89933	0.336836
-2.82057	6.89695	5.1787	4.3791	0.08778	-2.79412	7.20818	-2.80326	6.85734	-1.72958	-4.90286	1.68093
-2.8616	6.68974	5.09718	4.39723	0.104065	-2.74651	6.86867	-2.88957	6.61214	-1.72295	-4.90566	2.52965
-2.92587	6.46834	5.02454	4.3944	0.0775375	-2.57673	6.36755	-2.97559	6.36681	-1.71797	-4.90774	4.01486
-2.98044	6.23223	5.00318	4.40763	0.0883813	-2.90217	6.22989	-3.0614	6.12139	-1.71464	-4.90911	0.354254
-3.09852	5.98441	5.05482	4.39717	0.0740535	-3.50172	6.10796	-3.14709	5.87592	-1.71297	-4.90976	3.42001
-3.18185	5.70997	5.1049	4.40207	0.0750486	-3.1778	5.53101	-3.23274	5.63043	-1.71295	-4.9097	1.69557
-3.29165	5.46288	5.1089	4.38146	0.0294841	-3.19736	5.19093	-3.31843	5.38496	-1.71458	-4.90893	2.23952
-3.38884	5.20125	5.1479	4.37919	0.0250653	-3.43031	5.10507	-3.40424	5.13955	-1.71787	-4.90745	0.600429
-3.45589	4.95544	5.14776	4.39272	0.0469064	-3.4281	4.94644	-3.49026	4.89422	-1.72281	-4.90525	0.246165
-3.57123	4.6767	5.22434	4.3851	0.0358682	-3.69435	4.52196	-3.57657	4.64902	-1.72939	-4.90233	2.16522
-3.68109	4.42386	5.23406	4.36496	-0.00788841	-3.50501	4.17643	-3.66325	4.40398	-1.73763	-4.89868	2.19914
-3.81494	4.15213	5.3087	4.35068	-0.0225604	-4.00238	4.04684	-3.75039	4.15913	-1.74749	-4.8943	2.54765
-3.89462	3.91162	5.29452	4.36218	0.00407374	-4.06447	4.10977	-3.83806	3.91452	-1.75899	-4.88918	1.21675
-3.96653	3.6794	5.25435	4.36712	0.00848331	-3.88053	3.75177	-3.92635	3.67019	-1.77212	-4.8833	0.685948
-4.06777	3.47418	5.19383	4.34881	-0.0279532	-4.23729	3.88878	-4.01533	3.42616	-1.78686	-4.87666	4.15377
-4.15889	3.22968	5.19563	4.34812	-0.0271716	-4.15119	3.21968	-4.10509	3.18248	-1.8032	-4.86925	0.00844255
-4.27485	2.97495	5.23012	4.33286	-0.0539109	-4.27467	2.88187	-4.19571	2.93919	-1.82113	-4.86104	0.752513
-4.36492	2.70093	5.27234	4.33674	-0.0458245	-4.32451	2.55034	-4.28727	2.69633	-1.84065	-4.85202	1.30341
-4.4514	2.45144	5.27109	4.34243	-0.0307391	-4.38481	2.39989	-4.37985	2.45393	-1.86173	-4.84218	0.197697
-4.55616	2.18641	5.31006	4.34098	-0.0292163	-4.61223	2.09192	-4.47352	2.21205	-1.88436	-4.83149	0.641781
-4.66603	1.95515	5.29766	4.31572	-0.0841562	-4.29257	1.92854	-4.56836	1.97072	-1.90853	-4.81994	4.01727
-4.78184	1.68135	5.35684	4.3127	-0.0802496	-4.86829	1.53442	-4.66444	1.72998	-1.93422	-4.80751	1.53649
-4.90568	1.43209	5.38166	4.29566	-0.106581	-4.98165	1.43611	-4.76186	1.48989	-1.9614	-4.79417	0.514196
-4.96497	1.19872	5.32008	4.3024	-0.0969026	-4.66779	1.28643	-4.86066	1.25049	-1.99007	-4.7799	4.9779
-5.06022	0.982111	5.26341	4.29949	-0.0908515	-4.98594	1.10894	-4.96095	1.01182	-2.02019	-4.76468	1.13927
-5.12115	0.750293	5.21298	4.30582	-0.0818636	-4.85498	0.825661	-5.06277	0.77393	-2.05174	-4.74848	3.96461
-5.21515	0.455483	5.30273	4.31162	-0.0742197	-4.84736	0.18101	-5.16621	0.536876	-2.08471	-4.73127	5.23685
-5.29003	0.215332	5.27488	4.3153	-0.0675057	-5.1231	0.257311	-5.27133	0.300706	-2.11906	-4.71303	1.53806
-5.39936	-0.019367	5.25182	4.31817	-0.0441006	-5.99809	-0.290765	-5.3782	0.0654719	-2.15477	-4.69374	5.90369
-5.47035	-0.257567	5.22409	4.32368	-0.0367789	-5.29972	-0.212982	-5.4869	-0.168772	-2.1918	-4.67335	1.6176
-5.59084	-0.439379	5.1482	4.29842	-0.0730852	-5.64447	-0.144522	-5.59748	-0.401971	-2.23014	-4.65185	3.84439
-5.7274	-0.623464	5.08881	4.27267	-0.102003	-5.85359	-0.445801	-5.71001	-0.634069	-2.26974	-4.62919	2.69887
-5.84254	-0.851348	5.12126	4.25124	-0.143359	-5.30947	-0.724468	-5.82456	-0.865006	-2.31058	-4.60536	5.43131
-5.93787	-1.12059	5.17146	4.26024	-0.121474	-5.87835	-1.26863	-5.94118	-1.09472	-2.35262	-4.58032	1.44872
-6.02646	-1.38916	5.21332	4.27072	-0.100455	-5.68069	-1.52871	-6.05993	-1.32316	-2.39581	-4.55404	2.80562
-6.16508	-1.59612	5.18697	4.24989	-0.120945	-6.27263	-1.50938	-6.18087	-1.55025	-2.44014	-4.52648	1.08555
-6.30913	-1.83269	5.26216	4.21947	-0.17551	-6.11355	-1.75966	-6.30406	-1.77593	-2.48555	-4.49762	4.06626
-6.4152	-2.08277	5.27869	4.222	-0.16082	-6.34007	-2.13685	-6.42954	-2.00014	-2.532	-4.46742	0.49077
-6.56668	-2.28505	5.24381	4.19909	-0.177594	-6.99344	-2.17445	-6.55738	-2.22281	-2.57946	-4.43585	3.08025
-6.71638	-2.49405	5.22893	4.17846	-0.192862	-6.79288	-2.4458	-6.68761	-2.44386	-2.62788	-4.40288	0.472077
-6.87252	-2.70622	5.23246	4.15641	-0.21116	-7.14408	-2.67584	-6.82029	-2.66323	-2.6772	-4.36847	1.10851
-6.96443	-2.97628	5.27177	4.17536	-0.172494	-6.8003	-3.10086	-6.95546	-2.88084	-2.7274	-4.3326	2.50062
-7.09319	-3.20008	5.2485	4.17201	-0.160742	-7.13937	-3.22028	-7.09316	-3.09663	-2.7784	-4.29523	0.277334
-7.21797	-3.39467	5.20128	4.15873	-0.169122	-7.12118	-3.26434	-7.23344	-3.3105	-2.83017	-4.25632	1.39035
-7.36394	-3.64303	5.24184	4.15624	-0.159369	-7.77186	-4.08999	-7.37632	-3.5224	-2.88265	-4.21586	4.45639
-7.52359	-3.78008	5.14209	4.11606	-0.203373	-7.49009	-3.49081	-7.52184	-3.73223	-2.93579	-4.1738	4.82823
-7.66858	-3.98873	5.14885	4.10319	-0.209654	-7.52393	-3.88213	-7.67004	-3.93992	-2.98953	-4.13012	0.465138
-7.82257	-4.21783	5.17695	4.09652	-0.203967	-7.88049	-4.29783	-7.82094	-4.14538	-3.04381	-4.08479	0.515874
-7.97369	-4.43604	5.18365	4.08907	-0.199309	-8.08524	-4.57834	-7.97457	-4.34854	-3.09857	-4.03778	0.396275
-8.13463	-4.67497	5.2263	4.08521	-0.190384	-8.22492	-4.79812	-8.13095	-4.5493	-3.15376	-3.98906	1.23327
-8.27368	-4.87821	5.15289	4.08611	-0.16647	-8.453	-4.95621	-8.2901	-4.74759	-3.2093	-3.93862	2.50815
-8.40564	-5.09762	5.15345	4.08804	-0.153437	-8.33552	-5.1059	-8.45204	-4.94331	-3.26514	-3.88641	0.286965
-8.55221	-5.26431	5.05944	4.07437	-0.154334	-8.55062	-4.79248	-8.61678	-5.13637	-3.32121	-3.83242	3.89624
-8.74286	-5.46272	5.08221	4.05189	-0.172545	-8.91477	-5.51752	-8.78433	-5.32669	-3.37745	-3.77663	1.73905
-8.90199	-5.6596	5.06897	4.04277	-0.171273	-9.04115	-5.69364	-8.95469	-5.51417	-3.43377	-3.71901	0.319608
-9.05887	-5.84591	5.05486	4.03088	-0.175732	-9.03391	-5.80267	-9.12788	-5.69872	-3.49012	-3.65955	0.133982
-9.19772	-6.00225	4.95585	4.02075	-0.172795	-8.86897	-5.41973	-9.30388	-5.88026	-3.54643	-3.59823	6.13437
-9.37681	-6.10373	4.87048	3.97644	-0.219196	-9.30811	-5.82368	-9.4827	-6.05868	-3.60261	-3.53503	4.73375
-9.5526	-6.28605	4.88216	3.96247	-0.222718	-9.80646	-6.41174	-9.66432	-6.23389	-3.6586	-3.46994	0.921799
-9.69168	-6.49582	4.89571	3.97171	-0.196895	-9.62547	-6.55958	-9.84874	-6.4058	-3.71431	-3.40295	0.549279
-9.91461	-6.65526	4.95624	3.93246	-0.23768	-10.6688	-6.35543	-10.0359	-6.57431	-3.76969	-3.33404	7.0371
-10.1178	-6.81944	4.96785	3.90727	-0.254123	-10.2246	-6.83402	-10.2259	-6.73933	-3.82463	-3.26321	0.642927
-10.3032	-6.98093	4.9824	3.88842	-0.263557	-10.2205	-6.71044	-10.4186	-6.90075	-3.87907	-3.19046	1.01749
-10.5325	-7.16151	5.03475	3.86445	-0.276045	-10.7616	-7.29159	-10.614	-7.05849	-3.93293	-3.11577	3.62543
-10.7388	-7.30259	5.03719	3.83604	-0.295297	-10.8944	-6.83335	-10.8121	-7.21245	-3.98613	-3.03916	1.86895
-10.9849	-7.46424	5.0862	3.80517	-0.314398	-11.2219	-7.56979	-11.0128	-7.36252	-4.03859	-2.96062	3.54772
-11.174	-7.60338	5.04021	3.78783	-0.31624	-10.986	-7.3707	-11.2161	-7.50862	-4.09021	-2.88015	1.25189
-11.3228	-7.75935	4.9947	3.79102	-0.293522	-11.0934	-7.6776	-11.422	-7.65064	-4.14093	-2.79777	3.1547
-11.5187	-7.88543	4.96013	3.7688	-0.303115	-11.4213	-7.46085	-11.6304	-7.78849	-4.19066	-2.71349	1.78609
-11.6988	-7.9901	4.90509	3.74518	-0.314695	-11.5269	-7.8215	-11.8413	-7.92208	-4.23932	-2.6273	3.03353
-11.8925	-8.10212	4.82512	3.72212	-0.32388	-11.9422	-7.88317	-12.0546	-8.05131	-4.28682	-2.53924	1.77531
-12.1075	-8.19273	4.80594	3.68653	-0.348214	-12.09	-8.08828	-12.2702	-8.17609	-4.33309	-2.44932	0.673571
-12.3344	-8.32098	4.89325	3.66682	-0.349643	-12.4462	-8.02117	-12.4881	-8.29633	-4.37802	-2.35756	2.7243
-12.5381	-8.40198	4.8541	3.63579	-0.367101	-12.4231	-8.2599	-12.7082	-8.41193	-4.42156	-2.26399	1.77881
-12.7442	-8.48707	4.78322	3.60652	-0.382685	-12.7461	-8.19449	-12.9304	-8.5228	-4.4636	-2.16863	1.67235
-13.0219	-8.57652	4.84413	3.56393	-0.410245	-13.2911	-8.64594	-13.1547	-8.62886	-4.50407	-2.07151	4.14402
-13.2712	-8.67659	4.90875	3.5396	-0.412192	-13.7929	-8.47158	-13.381	-8.73002	-4.54289	-1.97267	2.78354
-13.4927	-8.7237	4.87506	3.50087	-0.435138	-13.384	-8.57583	-13.6092	-8.82619	-4.57997	-1.87214	1.82104
-13.7094	-8.76293	4.78456	3.45841	-0.466289	-13.6376	-8.26344	-13.8392	-8.91729	-4.61524	-1.76997	3.67084
-13.9347	-8.87559	4.80259	3.45366	-0.443205	-13.9959	-8.99264	-14.0709	-9.00324	-4.64861	-1.6662	0.982071
-14.1865	-8.96718	4.90029	3.44164	-0.423318	-14.4737	-8.79552	-14.3043	-9.08395	-4.68001	-1.56086	2.95998
-14.409	-9.0809	4.90437	3.44262	-0.396296	-14.4273	-9.1875	-14.5391	-9.15936	-4.70936	-1.45402	0.71858
-14.6382	-9.15158	4.8833	3.42264	-0.39829	-14.5757	-9.32634	-14.7754	-9.22939	-4.73658	-1.34573	0.278145
-14.9245	-9.14854	4.92402	3.362	-0.446879	-15.062	-9.04396	-15.013	-9.29397	-4.76161	-1.23603	1.95803
-15.1832	-9.22176	4.96005	3.3471	-0.436454	-15.6189	-9.69365	-15.2517	-9.35302	-4.78436	-1.125	4.54945
-15.4469	-9.33936	5.00817	3.35346	-0.401442	-15.6682	-9.56749	-15.4916	-9.40649	-4.80476	-1.01269	5.40268
-15.6899	-9.36788	4.95319	3.31771	-0.42812	-15.9382	-9.35751	-15.7324	-9.45431	-4.82275	-0.899159	2.07636
-15.9466	-9.45404	4.98101	3.31512	-0.404897	-16.0862	-9.59819	-15.9741	-9.49642	-4.83827	-0.784484	2.16122
-16.1981	-9.46251	4.95641	3.27554	-0.433024	-16.6033	-8.85459	-16.2164	-9.53277	-4.85124	-0.668734	2.28482
-16.4497	-9.45655	4.95829	3.23651	-0.4539	-16.4229	-9.37029	-16.4594	-9.5633	-4.8616	-0.55198	0.494318
-16.6678	-9.45564	4.89583	3.20382	-0.471385	-16.011	-9.33486	-16.7027	-9.58797	-4.8693	-0.434301	5.1483
-16.9512	-9.44087	4.94703	3.16343	-0.490495	-17.1132	-9.43043	-16.9464	-9.60673	-4.87427	-0.315773	1.46712
-17.2031	-9.50121	4.97935	3.16996	-0.446944	-16.9255	-10.8571	-17.1903	-9.61954	-4.87646	-0.196479	7.9107
-17.4632	-9.52003	4.9955	3.15326	-0.439929	-17.5448	-9.57485	-17.4342	-9.62636	-4.87583	-0.0765024	0.507328
-17.7209	-9.50884	4.98761	3.12137	-0.456825	-18.1371	-9.39146	-17.6781	-9.62717	-4.87232	0.0440703	1.69129
-17.9756	-9.4765	4.99712	3.08703	-0.470294	-17.9724	-9.42299	-17.9216	-9.62194	-4.86588	0.165151	0.184735
-18.2196	-9.43815	4.97025	3.04862	-0.495076	-18.3083	-9.18778	-18.1648	-9.61064	-4.85648	0.286648	0.6923
-18.4207	-9.4856	4.8968	3.05954	-0.454345	-18.2763	-9.60997	-18.4074	-9.59325	-4.84408	0.40847	2.31512
-18.6569	-9.47345	4.90413	3.04662	-0.436811	-18.2443	-9.58547	-18.6493	-9.56977	-4.82864	0.530522	1.70255
-18.9054	-9.46508	4.90763	3.0326	-0.427519	-18.9545	-9.51544	-18.8904	-9.54017	-4.81012	0.652707	0.270383
-19.1355	-9.4273	4.9051	3.01121	-0.423124	-18.6983	-9.02886	-19.1305	-9.50447	-4.78851	0.774927	3.94713
-19.3819	-9.30655	4.93212	2.95112	-0.468549	-19.2983	-9.09865	-19.3694	-9.46265	-4.76378	0.897083	3.01302
-19.6153	-9.23013	4.90788	2.90925	-0.498961	-19.7037	-8.79906	-19.6069	-9.41472	-4.73591	1.01907	1.12459
-19.8676	-9.106	4.94932	2.85553	-0.531886	-19.8731	-8.96417	-19.8431	-9.36071	-4.70487	1.1408	1.30601
-20.1053	-9.00406	4.96537	2.81707	-0.544184	-20.3815	-7.6755	-20.0775	-9.30061	-4.67066	1.26215	4.93828
-20.2772	-9.13575	4.78894	2.88144	-0.441934	-20.1607	-9.59663	-20.3102	-9.23446	-4.63328	1.38303	14.7496
-20.516	-9.09445	4.80008	2.87285	-0.421932	-20.4587	-9.7448	-20.5409	-9.16227	-4.59271	1.50334	1.55454
-20.7375	-8.99797	4.80246	2.83815	-0.437658	-20.6596	-8.91527	-20.7696	-9.08409	-4.54895	1.62296	0.715842
-20.9795	-8.91703	4.81817	2.81191	-0.445452	-21.5568	-8.5005	-20.9959	-8.99994	-4.50202	1.74179	2.45731
-21.1756	-8.84899	4.77038	2.79315	-0.442155	-21.0195	-8.85081	-21.2198	-8.90987	-4.45191	1.85972	1.2957
-21.4086	-8.76128	4.77605	2.7665	-0.452223	-21.8628	-8.64129	-21.4412	-8.81393	-4.39865	1.97666	1.92204
-21.601	-8.73704	4.70009	2.76988	-0.423449	-21.5029	-8.87191	-21.6597	-8.71217	-4.34224	2.0925	1.75531
-21.792	-8.59424	4.65494	2.70699	-0.493483	-21.9514	-7.41274	-21.8754	-8.60465	-4.2827	2.20712	6.55917
-21.9951	-8.5177	4.63125	2.69197	-0.482745	-21.9793	-8.57089	-22.0881	-8.49143	-4.22007	2.32043	0.198191
-22.2046	-8.41084	4.65168	2.67284	-0.468139	-22.1914	-7.70392	-22.2975	-8.37258	-4.15437	2.43232	1.98429
-22.4361	-8.31209	4.6784	2.65604	-0.460187	-22.5838	-8.35296	-22.5035	-8.24817	-4.08564	2.5427	1.22822
-22.627	-8.19615	4.65339	2.62491	-0.47593	-22.3177	-8.57758	-22.7061	-8.11829	-4.01391	2.65145	0.909299
-22.8654	-7.95338	4.79513	2.55441	-0.526496	-22.9861	-7.6724	-22.9049	-7.98301	-3.93923	2.75848	5.92551
-23.0559	-7.80329	4.77313	2.50628	-0.571819	-23.2693	-8.32031	-23.1	-7.84243	-3.86163	2.8637	3.53636
-23.2843	-7.6254	4.84819	2.47048	-0.578265	-23.4777	-7.56583	-23.2911	-7.69663	-3.78118	2.967	2.24152
-23.4845	-7.48623	4.86877	2.4619	-0.53752	-23.473	-7.02103	-23.4781	-7.54572	-3.69792	3.06828	1.75366
-23.6504	-7.34245	4.83337	2.43566	-0.537705	-23.5408	-7.36069	-23.6609	-7.3898	-3.61191	3.16746	0.66116
-23.8416	-7.18242	4.85168	2.41467	-0.524516	-24.0505	-6.56968	-23.8393	-7.22897	-3.52321	3.26445	0.916119
-24.0027	-7.0899	4.76181	2.41017	-0.50293	-23.9384	-7.26171	-24.0132	-7.06336	-3.43189	3.35916	2.08901
-24.1704	-6.90754	4.76834	2.37143	-0.524489	-24.3577	-5.94086	-24.1825	-6.89307	-3.33801	3.45149	1.97071
-24.332	-6.65454	4.84863	2.31471	-0.556099	-24.2574	-6.4352	-24.347	-6.71823	-3.24166	3.54138	3.2361
-24.4993	-6.47787	4.8426	2.28195	-0.572828	-24.788	-7.18367	-24.5066	-6.53896	-3.14289	3.62873	3.48688
-24.5973	-6.33862	4.73236	2.25505	-0.573658	-24.3008	-6.43799	-24.6612	-6.35538	-3.0418	3.71347	5.30555
-24.7381	-6.14969	4.7306	2.224	-0.576002	-24.6108	-6.00878	-24.8107	-6.16764	-2.93846	3.79553	0.306945
-24.9209	-5.94496	4.78909	2.20112	-0.568084	-25.146	-5.91902	-24.955	-5.97587	-2.83295	3.87484	2.71859
-25.0518	-5.74019	4.79552	2.17049	-0.566677	-24.8975	-5.02285	-25.094	-5.7802	-2.72537	3.95132	1.85512
-25.1844	-5.56863	4.76156	2.15021	-0.558834	-25.1941	-5.64372	-25.2276	-5.58079	-2.61581	4.02492	0.348935
-25.3379	-5.38322	4.77351	2.14435	-0.518424	-25.5328	-5.4399	-25.3556	-5.37777	-2.50435	4.09557	1.32673
-25.482	-5.15867	4.81707	2.1173	-0.518589	-25.5713	-5.10241	-25.4779	-5.1713	-2.39109	4.16322	0.620126
-25.6136	-4.98153	4.79515	2.11452	-0.474563	-25.0178	-6.55904	-25.5946	-4.96152	-2.27613	4.22781	6.36298
-25.7277	-4.80919	4.74474	2.0972	-0.468757	-25.6952	-4.89995	-25.7055	-4.7486	-2.15956	4.2893	0.561624
-25.8486	-4.60349	4.75022	2.07907	-0.456929	-25.8162	-4.40681	-25.8105	-4.53268	-2.04149	4.34764	0.21263
-25.961	-4.36021	4.79569	2.04785	-0.465126	-25.9516	-4.26659	-25.9096	-4.31392	-1.92202	4.40279	0.537721
-26.07	-4.13914	4.79359	2.00343	-0.519099	-26.8953	-4.43966	-26.0027	-4.0925	-1.80125	4.45471	11.1242
-26.1613	-3.85513	4.87802	1.96118	-0.535167	-26.1198	-3.67723	-26.0897	-3.86856	-1.67928	4.50337	2.01048
-26.2352	-3.61752	4.87608	1.90935	-0.590044	-26.5652	-3.85723	-26.1706	-3.64227	-1.55623	4.54875	3.52782
-26.2638	-3.35045	4.89518	1.85731	-0.613687	-25.9974	-3.24722	-26.2453	-3.41381	-1.4322	4.59081	4.37253
-26.3135	-3.10582	4.89795	1.81149	-0.643051	-26.2976	-3.01078	-26.3138	-3.18332	-1.30729	4.62954	0.482921
-26.3375	-2.87074	4.87593	1.76999	-0.653545	-26.1741	-2.87885	-26.376	-2.95098	-1.18162	4.66493	1.41133
-26.3957	-2.6443	4.86334	1.74815	-0.635771	-26.4681	-3.44967	-26.4319	-2.71697	-1.05529	4.69696	1.43702
-26.4717	-2.49066	4.754	1.74051	-0.613844	-26.674	-2.73852	-26.4815	-2.48143	-0.928411	4.72562	5.83142
-26.5272	-2.25562	4.76188	1.7244	-0.585104	-26.657	-1.72382	-26.5247	-2.24456	-0.80109	4.75091	1.02033
-26.5771	-2.05939	4.70971	1.70539	-0.575908	-26.6691	-2.17333	-26.5616	-2.0065	-0.673434	4.77284	1.22254
-26.6082	-1.82316	4.71349	1.68629	-0.551094	-26.3248	-1.32261	-26.5921	-1.76744	-0.545553	4.79141	2.00478
-26.6061	-1.57441	4.72656	1.64827	-0.561794	-26.4671	-1.53207	-26.6161	-1.52753	-0.417552	4.80664	1.12577
-26.6032	-1.34445	4.71458	1.60586	-0.590886	-26.4998	-2.19526	-26.6338	-1.28695	-0.289538	4.81852	1.67327
-26.6066	-1.11763	4.70088	1.57645	-0.5911	-26.5998	-1.14277	-26.6451	-1.04586	-0.161616	4.8271	0.0402955
-26.636	-0.893046	4.69085	1.5617	-0.571214	-27.2008	-1.67679	-26.65	-0.804425	-0.0338883	4.83238	5.16177
-26.6471	-0.642425	4.71915	1.53841	-0.564894	-26.7355	-0.59539	-26.6485	-0.562811	0.0935412	4.83439	0.544883
-26.6344	-0.400838	4.73268	1.50007	-0.590223	-26.9891	0.0351487	-26.6406	-0.321181	0.220572	4.83317	2.25092
-26.589	-0.10729	4.81952	1.45993	-0.599221	-26.4553	0.0602653	-26.6264	-0.0796947	0.347104	4.82874	2.62293
-26.5696	0.131978	4.82311	1.43068	-0.603735	-26.9537	0.136943	-26.6059	0.161489	0.473041	4.82116	2.75443
-26.5461	0.423193	4.90596	1.40555	-0.59619	-26.6201	0.57588	-26.5792	0.402213	0.598287	4.81045	1.68545
-26.534	0.661321	4.89369	1.39735	-0.557345	-26.8241	0.381506	-26.5462	0.642323	0.722748	4.79667	1.79508
-26.5265	0.942385	4.95554	1.3842	-0.540332	-26.7293	1.06082	-26.5069	0.881666	0.846334	4.77986	3.00826
-26.4888	1.20149	4.96921	1.3779	-0.49157	-25.9562	2.60409	-26.4616	1.12009	0.968955	4.76007	7.10835
-26.432	1.43888	4.96098	1.35086	-0.494318	-26.3986	1.42212	-26.4101	1.35745	1.09053	4.73737	0.0754298
-26.3932	1.65814	4.91941	1.33882	-0.469822	-26.5072	-0.563928	-26.3526	1.59361	1.21096	4.71181	8.35482
-26.3383	1.86987	4.87744	1.3154	-0.470603	-26.3594	1.79315	-26.2891	1.82841	1.33018	4.68345	0.377107
-26.2702	2.10123	4.87504	1.28691	-0.481561	-26.3475	1.82827	-26.2197	2.06173	1.44811	4.65235	0.241488
-26.208	2.2954	4.81367	1.26318	-0.482328	-26.2502	2.18481	-26.1444	2.29342	1.56467	4.61859	0.830247
-26.1453	2.52329	4.80179	1.25246	-0.453434	-26.069	2.27896	-26.0633	2.52336	1.67979	4.58223	0.774931
-26.0667	2.76499	4.82435	1.23075	-0.452017	-26.0641	2.80701	-25.9765	2.75141	1.79339	4.54334	0.10627
-25.9716	2.98783	4.8359	1.18886	-0.496761	-26.3234	3.02388	-25.8841	2.97746	1.90543	4.502	2.90745
-25.8702	3.26536	4.92077	1.1667	-0.492426	-25.8345	3.42005	-25.7861	3.20139	2.01582	4.45828	1.50819
-25.7872	3.49511	4.92322	1.14729	-0.488575	-26.1824	3.73376	-25.6826	3.42306	2.12452	4.41227	2.13785
-25.6815	3.69677	4.89212	1.11959	-0.492624	-25.6666	3.63509	-25.5737	3.64239	2.23146	4.36404	0.238807
-25.5647	3.90476	4.88211	1.08861	-0.503537	-25.5773	3.13316	-25.4596	3.85924	2.3366	4.31367	1.13758
-25.4977	4.08546	4.81007	1.07492	-0.492921	-25.7492	3.99968	-25.3402	4.07353	2.43989	4.26125	3.81334
-25.3746	4.28771	4.80341	1.04568	-0.500168	-25.3516	3.75691	-25.2157	4.28514	2.54127	4.20686	0.609343
-25.2148	4.50528	4.83873	1.01037	-0.510315	-25.0214	4.52803	-25.0863	4.49399	2.64071	4.15058	2.01411
-25.0645	4.70183	4.82713	0.986385	-0.493934	-24.2719	4.30917	-24.9518	4.69998	2.73817	4.09251	8.94943
-24.9462	4.89582	4.80941	0.966214	-0.489538	-25.0363	4.88499	-24.8126	4.90303	2.83361	4.03273	0.437613
-24.7902	5.08684	4.81115	0.936316	-0.493588	-24.3609	4.95947	-24.6686	5.10304	2.92701	3.97132	2.30883
-24.6221	5.30004	4.85555	0.908591	-0.495757	-24.5041	5.35293	-24.5201	5.29995	3.01833	3.90839	0.914631
-24.4501	5.47817	4.86948	0.865083	-0.53198	-24.4379	5.24592	-24.367	5.49367	3.10754	3.84401	0.931256
-24.2631	5.65064	4.87379	0.827973	-0.543094	-24.1159	5.61152	-24.2095	5.68414	3.19464	3.77827	1.2255
-24.0975	5.81221	4.86305	0.791694	-0.563095	-24.5638	4.75836	-24.0477	5.8713	3.27959	3.71127	3.19875
-23.9236	5.97251	4.8503	0.760793	-0.566408	-23.9153	5.94377	-23.8818	6.05508	3.36239	3.64309	0.0530866
-23.78	6.15865	4.80386	0.769807	-0.490284	-23.5491	6.44495	-23.7117	6.23542	3.44302	3.57383	4.75065
-23.6127	6.3142	4.78612	0.744743	-0.491415	-23.6471	6.29102	-23.5377	6.41227	3.52148	3.50357	0.0968981
-23.4639	6.48855	4.76034	0.741421	-0.45361	-23.7544	6.53746	-23.3598	6.58559	3.59775	3.4324	1.82334
-23.2393	6.71024	4.87883	0.723818	-0.444805	-23.0099	6.86182	-23.1781	6.75533	3.67185	3.36041	4.26881
-23.0441	6.85224	4.85849	0.698225	-0.441366	-22.7862	5.74143	-22.9928	6.92146	3.74376	3.28768	5.54921
-22.8305	7.02484	4.9044	0.674928	-0.44155	-22.6991	7.063	-22.804	7.08393	3.8135	3.21431	1.01549
-22.6185	7.15982	4.91306	0.638692	-0.464057	-22.418	6.76159	-22.6117	7.24273	3.88106	3.14038	1.5297
-22.4336	7.30507	4.90102	0.619184	-0.460373	-22.5083	7.31524	-22.4161	7.39782	3.94647	3.06598	0.298948
-22.2043	7.43119	4.94862	0.569992	-0.512775	-22.0543	7.85452	-22.2173	7.54917	4.00974	2.99118	2.5517
-22.0231	7.59355	4.95406	0.560944	-0.494761	-22.1947	7.69478	-22.0154	7.69679	4.07087	2.91607	2.12372
-21.8391	7.76439	4.93844	0.56877	-0.438179	-21.6178	9.0351	-21.8105	7.84064	4.12989	2.84074	5.78185
-21.6314	7.90705	4.94931	0.551178	-0.433225	-21.6473	7.94	-21.6026	7.98072	4.18681	2.76526	0.0780301
-21.4407	8.04212	4.92362	0.541181	-0.413541	-21.8637	7.78661	-21.392	8.11703	4.24166	2.68971	1.64632
-21.2153	8.07822	4.8487	0.487673	-0.450852	-21.0853	7.83229	-21.1787	8.24957	4.29447	2.61417	4.48497
-21.0238	8.23353	4.81776	0.502897	-0.380622	-20.5503	9.28616	-20.9628	8.37833	4.34526	2.53871	6.33996
-20.8455	8.38534	4.81656	0.50359	-0.359032	-21.0519	8.50983	-20.7444	8.50333	4.39406	2.46341	3.09972
-20.604	8.49618	4.86956	0.469491	-0.390818	-19.9265	9.40847	-20.5237	8.62457	4.4409	2.38835	4.41461
-20.3548	8.63356	4.93277	0.454825	-0.384257	-20.21	8.68914	-20.3006	8.74206	4.48582	2.31358	1.34232
-20.1561	8.76578	4.89592	0.462414	-0.334207	-20.2277	8.8532	-20.0753	8.85583	4.52884	2.23919	1.83363
-19.9572	8.86706	4.86599	0.447039	-0.33328	-20.0633	8.86724	-19.848	8.96589	4.57001	2.16524	0.597947
-19.7576	8.98769	4.83005	0.451201	-0.293318	-19.9264	8.78179	-19.6186	9.07227	4.60937	2.09179	1.4026
-19.5356	9.05906	4.80682	0.423897	-0.307494	-19.4861	8.96665	-19.3873	9.17499	4.64694	2.01891	0.630815
-19.2954	9.16652	4.85103	0.404932	-0.317354	-18.5719	10.2069	-19.1542	9.27409	4.68278	1.94666	4.44536
-19.0096	9.25707	4.92405	0.378224	-0.328157	-18.6786	9.19191	-18.9193	9.36959	4.71692	1.8751	5.98422
-18.7924	9.34093	4.90872	0.36015	-0.332617	-19.2825	8.98189	-18.6827	9.46154	4.7494	1.80429	1.68421
-18.5375	9.44309	4.95354	0.346667	-0.328462	-18.4242	9.46852	-18.4446	9.54996	4.78028	1.73429	0.744119
-18.2721	9.47296	4.99322	0.29022	-0.396628	-18.1634	8.72444	-18.2049	9.63492	4.80959	1.66514	5.81955
-17.9807	9.60356	5.10524	0.287557	-0.375808	-17.7736	9.72478	-17.9639	9.71643	4.83737	1.59691	3.36628
-17.7354	9.69626	5.09208	0.288153	-0.337434	-17.2296	9.97767	-17.7214	9.79457	4.86368	1.52964	2.86864
-17.4605	9.80498	5.15851	0.28285	-0.323424	-17.3436	9.88109	-17.4777	9.86936	4.88856	1.46338	1.1531
-17.2122	9.88221	5.16675	0.268421	-0.323078	-17.1554	10.212	-17.2328	9.94087	4.91205	1.39818	0.449305
-16.9403	10.0062	5.23508	0.272413	-0.299719	-16.8876	10.145	-16.9868	10.0091	4.93421	1.33408	1.3869
-16.6848	10.0739	5.23943	0.256498	-0.301173	-16.5958	10.1078	-16.7396	10.0743	4.95507	1.27113	0.0580628
-16.4371	10.1805	5.25886	0.258237	-0.282479	-16.5153	10.3091	-16.4915	10.1362	4.97469	1.20937	1.26708
-16.1795	10.2495	5.27256	0.242393	-0.288764	-16.09	10.5824	-16.2424	10.1952	4.99311	1.14883	0.528694
-15.9447	10.2726	5.22018	0.214964	-0.303657	-16.006	10.1843	-15.9924	10.2511	5.01039	1.08956	0.722004
-15.6962	10.3393	5.20654	0.209804	-0.285352	-15.7234	10.41	-15.7416	10.3041	5.02655	1.03159	0.276767
-15.4754	10.3311	5.12489	0.174618	-0.309475	-15.5699	10.1904	-15.4899	10.3543	5.04166	0.974957	1.79876
-15.1802	10.3544	5.21165	0.135532	-0.356299	-14.2385	10.9109	-15.2376	10.4016	5.05576	0.919692	7.78893
-14.9197	10.409	5.22631	0.126007	-0.346841	-14.9365	10.4722	-14.9846	10.4462	5.06889	0.865828	0.248743
-14.6755	10.4464	5.15979	0.128025	-0.299868	-14.724	9.63507	-14.7309	10.4882	5.0811	0.813394	6.55073
-14.4328	10.411	5.10873	0.0873044	-0.329654	-14.4088	10.222	-14.4766	10.5276	5.09243	0.762418	2.15774
-14.1724	10.4368	5.11251	0.0750254	-0.321164	-13.9005	10.5238	-14.2218	10.5645	5.10293	0.712926	0.573457
-13.8669	10.5875	5.2418	0.11119	-0.259486	-13.8049	10.9383	-13.9665	10.5989	5.11263	0.664944	7.86125
-13.6107	10.6514	5.21489	0.126527	-0.206301	-13.3956	10.7857	-13.7107	10.631	5.12159	0.618496	2.13802
-13.361	10.649	5.18804	0.102768	-0.221848	-13.3556	10.5517	-13.4545	10.6608	5.12983	0.573603	0.567613
-13.0974	10.6752	5.19986	0.0906549	-0.22487	-12.9374	10.8137	-13.1979	10.6884	5.13741	0.530288	0.205685
-12.842	10.7692	5.22438	0.108071	-0.192422	-12.9591	11.0099	-12.9409	10.7138	5.14436	0.48857	3.96959
-12.5762	10.8216	5.23324	0.112543	-0.170092	-12.2518	11.2495	-12.6836	10.7373	5.15071	0.448467	1.39067
-12.3419	10.7866	5.17158	0.0795592	-0.19783	-12.3713	10.6091	-12.426	10.7587	5.15651	0.409997	1.97161
-12.0842	10.8252	5.16176	0.083981	-0.171294	-11.9352	10.9161	-12.1681	10.7783	5.16179	0.373177	0.611922
-11.8373	10.8887	5.16382	0.0924131	-0.152331	-11.9451	11.0515	-11.91	10.7961	5.16658	0.338022	2.05207
-11.5602	10.9099	5.19277	0.083588	-0.153865	-10.9703	10.9676	-11.6516	10.8121	5.17092	0.304546	2.64597
-11.3312	10.9235	5.14757	0.0734742	-0.15675	-11.4548	10.9407	-11.393	10.8265	5.17484	0.272761	0.849742
-11.0674	10.8551	5.19675	0.00167988	-0.274952	-11.3472	10.5111	-11.1342	10.8394	5.17836	0.242681	9.68053
-10.777	10.8268	5.2322	-0.0227154	-0.28646	-10.6009	10.6823	-10.8753	10.8509	5.18153	0.214317	2.72259
-10.5215	10.8232	5.22159	-0.0341907	-0.281397	-10.6563	10.8369	-10.6161	10.8609	5.18435	0.187679	0.181366
-10.2882	10.8172	5.18316	-0.0467798	-0.280202	-10.4142	10.8747	-10.3569	10.8697	5.18687	0.162776	1.01775
-10.0389	10.8733	5.12435	-0.0107789	-0.188295	-9.90413	11.2255	-10.0976	10.8772	5.1891	0.139618	6.67107
-9.77854	10.9198	5.14417	-0.000158849	-0.165421	-9.83445	11.1032	-9.83809	10.8837	5.19106	0.118212	2.03346
-9.5469	10.9011	5.09765	-0.0139932	-0.168967	-10.195	10.3498	-9.57852	10.8891	5.19278	0.0985664	4.00659
-9.28657	10.9266	5.11358	-0.0105191	-0.155518	-9.3066	11.0348	-9.31887	10.8936	5.19428	0.0806865	0.677281
-9.04024	10.9076	5.08702	-0.0204442	-0.151608	-9.2226	10.3527	-9.05915	10.8972	5.19557	0.0645787	2.65211
-8.77639	10.9383	5.11023	-0.0134297	-0.135285	-8.78899	11.0707	-8.79937	10.9001	5.19667	0.050248	0.996284
-8.53608	10.896	5.07703	-0.0345837	-0.149889	-8.83914	10.0319	-8.53953	10.9023	5.19759	0.0376992	6.44314
-8.36824	10.8177	4.93422	-0.0711528	-0.182448	-8.62045	10.6577	-8.27965	10.9039	5.19835	0.0269359	5.4131
-8.11668	10.8309	4.93028	-0.0599619	-0.147808	-7.91543	11.1157	-8.01974	10.905	5.19896	0.0179617	1.47529
-7.78434	10.8747	5.07101	-0.040882	-0.117575	-7.51971	11.0005	-7.75979	10.9057	5.19942	0.0107791	5.16486
-7.52168	10.876	5.06914	-0.0320307	-0.0864701	-7.25987	10.6458	-7.49981	10.9061	5.19975	0.00539029	2.06659
-7.24718	10.8631	5.10041	-0.0372795	-0.0874227	-7.15631	10.815	-7.23983	10.9063	5.19994	0.00179692	0.565602
-7.0077	10.8977	5.05686	-0.00860902	-0.0258659	-7.39396	11.0181	-6.97983	10.9064	5.2	-7.84874e-15	3.76285
